Palm Center x,Palm Center y,Palm Center z,Palm Direction x,Palm Direction y,Palm Direction z,Palm Normal x,Palm Normal y,Palm Normal z,Palm Velocity x,Palm Velocity y,Palm Velocity z,Thumb Deviation 1,Thumb Deviation 2,Thumb Deviation 3,Thumb Joint Angle 1,Thumb Joint Angle 2,Index Deviation 1,Index Deviation 2,Index Deviation 3,Index Joint Angle 1,Index Joint Angle 2,Index Angle from Prev,Middle Deviation 1,Middle Deviation 2,Middle Deviation 3,Middle Joint Angle 1,Middle Joint Angle 2,Middle Angle from Prev,Ring Deviation 1,Ring Deviation 2,Ring Deviation 3,Ring Joint Angle 1,Ring Joint Angle 2,Ring Angle from Prev,Pinky Deviation 1,Pinky Deviation 2,Pinky Deviation 3,Pinky Joint Angle 1,Pinky Joint Angle 2,Pinky Angle from Prev,Time Stamp
95.03367614746094,200.03721618652344,46.75523376464844,0.45154881477355957,0.005610251799225807,-0.8922287821769714,0.09275083988904953,-0.9948577880859375,0.040684774518013,-5.191415786743164,-28.220266342163086,5.238830089569092,0.5792395580053786,0.809994835989081,0.960328145956105,0.8517897587616072,0.6087451385824523,0.5563933763139438,0.5558510516089537,0.5599274478726843,0.5408101703293889,0.5444563554791207,0.63745408343851,0.5492240668402909,0.5516035137535734,0.5631345241544474,0.5433543748240008,0.5452107511584744,0.5432866011350507,0.5500701166823523,0.5568397710583857,0.5706796484016415,0.5499118196083345,0.5441559033508335,0.5406428604000398,0.5640817140394846,0.5508518704350155,0.5530313679119947,0.5644546861293893,0.5410123836516328,0.5445380820140117,191114830668
94.98204040527344,199.8289794921875,46.759483337402344,0.45141491293907166,0.003641954157501459,-0.8923067450523376,0.09220532327890396,-0.9948289394378662,0.042585961520671844,-6.0662713050842285,-24.462825775146484,0.49905627965927124,0.5792482856334576,0.8080528394173219,0.9608075096207402,0.8510665031079963,0.6107404806730437,0.556383073840597,0.5558002321589907,0.5598508936215127,0.5408205987847392,0.5444614723176775,0.6376749644192363,0.5491929363068356,0.5516073398126884,0.5630991354010887,0.5434296599711976,0.545152572686073,0.5433003000134475,0.5499974802380257,0.5566708255946392,0.5702227138049545,0.5499240305757794,0.5440532607843269,0.5406350921460695,0.5640940642568298,0.5507054607621609,0.5529301225074631,0.564592850929496,0.541038577758768,0.5445984669128187,191114839180
94.93949127197266,199.6315460205078,46.80123519897461,0.45125532150268555,0.0014601582661271095,-0.8923937082290649,0.09183350205421448,-0.9947656393051147,0.04480963945388794,-4.867370128631592,-22.5880184173584,4.7766242027282715,0.579251037641324,0.8064599406363484,0.961454075011257,0.8503882819353222,0.6127230430693218,0.5563614631188337,0.5557142791412459,0.5597833315791267,0.540849694625946,0.5445132132796148,0.6378587272100675,0.5491318799712505,0.5515527474122296,0.5630637137595444,0.5435227390244803,0.5451481141448412,0.5433142276161383,0.549913150409844,0.5565249688728076,0.5698534645315809,0.5500403497764261,0.5439657346912433,0.5406270509697366,0.5641775930408386,0.5505821126398679,0.5528553103165763,0.5648957039873646,0.5410617247830586,0.5446769128892666,191114847921
94.90702056884766,199.4683074951172,46.863651275634766,0.45116087794303894,-0.0006072114338167012,-0.8924424052238464,0.09163380414247513,-0.9946829676628113,0.04700087383389473,-3.7701973915100098,-18.949310302734375,7.245968341827393,0.579264788755594,0.8052593215580571,0.9620501889115906,0.8497642528761897,0.6143851668736382,0.5562998470503093,0.5555706065295537,0.5596887216334421,0.5408949333342847,0.5445972094300655,0.6379332168054819,0.5490323937263588,0.5514706099265397,0.5631183920927831,0.5436502103220675,0.5452025260677005,0.5433225732821297,0.5498272679089707,0.5564910846378506,0.5697400808642832,0.5502939759106865,0.5439071589512343,0.5406234893761308,0.5643326809183501,0.5505277878904458,0.5528961307108488,0.5653642739155103,0.5410954677248652,0.5447776828879458,191114856535
94.85924530029297,199.33119201660156,46.918190002441406,0.45069295167922974,-0.0029257526621222496,-0.8926742672920227,0.09189546853303909,-0.9945297837257385,0.0496557280421257,-5.516668796539307,-15.835010528564453,6.298614978790283,0.579306139083401,0.8042404237168504,0.9624636909054484,0.8491775434240068,0.6156985060539244,0.5561650155097336,0.5553481814959245,0.5595297023494256,0.5409405405392321,0.5447057551682687,0.6378632440567698,0.5488950314543656,0.5513601342818235,0.563236019295592,0.5437878469132064,0.5453023418745961,0.5433240170408324,0.5497235985963824,0.5565021156392069,0.5698743169855546,0.5505560949224053,0.5439208456014286,0.5406231985900677,0.5644145187876294,0.5504791179366677,0.5529744305536186,0.5658989621587074,0.5411339677060404,0.5448695602631306,191114865194
94.82743835449219,199.23464965820312,46.976707458496094,0.4501722455024719,-0.005069906823337078,-0.892927348613739,0.09240340441465378,-0.994350790977478,0.052231255918741226,-3.6513917446136475,-11.082880973815918,6.717550277709961,0.5792991490884691,0.8034119166864258,0.9627991556911188,0.8486192983847826,0.6167700492724449,0.5559552567186014,0.5550458227675734,0.5592773104731711,0.5409917243955502,0.5447966830565052,0.6375331747321915,0.548707731222589,0.5512013052884157,0.5633997411833868,0.5439306458262866,0.5454585326793566,0.5433171793553114,0.5496042328144011,0.5566338321579246,0.5702446684485836,0.5509248927451006,0.5439465742979535,0.5406271297563612,0.5644513536756673,0.5504687854794902,0.5531336833547812,0.5665150750753657,0.5411785051420572,0.5449536195632088,191114873905
94.78718566894531,199.1465301513672,47.05144119262695,0.4495382010936737,-0.007483527529984713,-0.8932297825813293,0.09275621920824051,-0.9941680431365967,0.05501087009906769,-4.611636161804199,-10.094233512878418,8.560720443725586,0.5793650379972661,0.8031759132659588,0.9631371360143967,0.8483396817023044,0.6174241455779821,0.5557378656291884,0.5547404970042302,0.5589728258065965,0.5410304878110007,0.5448594279569825,0.6372602037943869,0.5485355269765396,0.5510040486002158,0.5634092839309562,0.5440297258409919,0.5455865176257076,0.5433068701510756,0.549495118217139,0.556696367123196,0.5705784164673608,0.5511765342167009,0.5440109395360351,0.5406355031092478,0.5644471462332735,0.5504447128911126,0.5533126887909252,0.5669994465328699,0.5412461224257817,0.5450204165871733,191114882635
94.7577133178711,199.08895874023438,47.12553787231445,0.44889694452285767,-0.009898095391690731,-0.8935286998748779,0.09246183186769485,-0.9940567016601562,0.05746329203248024,-3.415205717086792,-6.673531532287598,8.587830543518066,0.5794539995779794,0.8032005947270705,0.9633497149532844,0.848153494053332,0.6177238813706609,0.5554902306830792,0.5544294853683785,0.5586587870290126,0.5410657145595251,0.5448766743073374,0.6369171972028724,0.5483781225514284,0.5508043502431461,0.5633043158006744,0.5440936209539553,0.5456637264591783,0.5432909887966432,0.5494018344602923,0.5567509349226542,0.5708000248621422,0.5513723045351594,0.5440384290471545,0.5406473265513025,0.5643903324712592,0.5504542623207417,0.5535319241751172,0.5673536328358467,0.5413171220233732,0.5450592672642709,191114891263
94.73007202148438,199.0258026123047,47.18012237548828,0.44826245307922363,-0.012070910073816776,-0.8938205242156982,0.09191881865262985,-0.9939859509468079,0.05952209234237671,-3.1850945949554443,-7.277617454528809,6.289919376373291,0.57957038838911,0.8035206905664967,0.9635197236192893,0.8481250600019518,0.6177495596452748,0.5552939396900609,0.5541747014909527,0.5584363966933011,0.5411055857544524,0.5449155586739917,0.6367076505431305,0.5482436650299009,0.5506345151899015,0.5631638990539298,0.5441551609845655,0.5456970717934516,0.5432924057019369,0.5493009205518122,0.5567561269218118,0.5710175265667444,0.5515159675468138,0.5440971164467492,0.5406546218938466,0.5643023874853497,0.5504192460555832,0.5537146987567697,0.567637454985183,0.5413983565348167,0.5450979328713195,191114899941
94.72107696533203,198.97935485839844,47.21223449707031,0.44765016436576843,-0.014042332768440247,-0.8940985202789307,0.09144113957881927,-0.9939162731170654,0.061392053961753845,-1.0393010377883911,-5.365379333496094,3.71018648147583,0.5796847612923699,0.8040663904738723,0.9636305003282043,0.8481122363066508,0.6175301211186228,0.5551067650513738,0.5539310184747843,0.5582042037064444,0.5411449851803478,0.5449389676444829,0.6364917424823918,0.548126317663484,0.5504585372210735,0.5629657823668566,0.5441938915420894,0.5457167535425371,0.5432923360195775,0.5492236709229861,0.5567777840418093,0.5712778139637605,0.5516448948841017,0.5441703329663218,0.5406642260361648,0.5642212642040895,0.5503927127870694,0.5539303296847906,0.5678573162037005,0.5414955594125903,0.5451218128196097,191114908596
94.6904525756836,198.9403839111328,47.25597381591797,0.44698137044906616,-0.01620262861251831,-0.8943965435028076,0.09096667170524597,-0.993829607963562,0.06346520781517029,-3.2303707599639893,-4.110343933105469,4.613237380981445,0.5797720498688871,0.8046772654277109,0.9637068318727231,0.847951371621303,0.6172185561842587,0.554970923297547,0.5537035800762494,0.5578760027463742,0.5411749459973917,0.544950304444457,0.6363822995957831,0.5480185795958158,0.5502219018217755,0.5626254904028299,0.5441919903250441,0.5457435981829492,0.543292167469645,0.5491492519347142,0.5567641185373308,0.5716450496035863,0.5517501987557027,0.5443143875706639,0.540676698981767,0.5642221019996548,0.5503341251954403,0.5541232608818394,0.5680721954243615,0.5416120971671042,0.5451592446666585,191114918077
94.66999816894531,198.8901824951172,47.265316009521484,0.4464123249053955,-0.01776150055229664,-0.8946510553359985,0.09090351313352585,-0.9937304258346558,0.06508748978376389,-2.6176340579986572,-6.42566442489624,1.195853352546692,0.5798094639509033,0.8052782712503948,0.9636584498581973,0.8479120197077812,0.6167270657660019,0.5548669985701049,0.5535284636101854,0.5576094629424374,0.541198662493177,0.5449546696552835,0.6362548901242717,0.5479346551348401,0.5500054274573707,0.5622754553146204,0.5441607308139252,0.5457583697275742,0.5432867616666708,0.5490880523013513,0.5567465060292698,0.5720285214779232,0.5518175646771992,0.5444735966157985,0.5406865262646064,0.5641867147077256,0.5502644213664951,0.5542796733566457,0.5682193021306929,0.5417189662505391,0.5451741455746837,191114925891
94.64659881591797,198.82293701171875,47.24907684326172,0.4458077847957611,-0.019133299589157104,-0.8949242234230042,0.09089286625385284,-0.9936363697052002,0.06652215868234634,-2.6909735202789307,-7.7332072257995605,-1.8677759170532227,0.5798265808663934,0.8059887675526739,0.9636725584614878,0.8480264062773755,0.6162288398757045,0.5547714448555205,0.5533469936979634,0.5573146579724513,0.5412220282687025,0.544959501717024,0.6361391611476803,0.5478601536810859,0.549788240949132,0.5618993541687375,0.544133453358634,0.5457669345988503,0.5432795045935503,0.5490251671845195,0.5566899470447954,0.572362125475549,0.5518634581265335,0.5446403097342624,0.5406979835051616,0.5641556984673819,0.5501824754426254,0.5544075750988234,0.5683418696935647,0.5418219608885103,0.5451863176806532,191114934586
94.62803649902344,198.79380798339844,47.24468994140625,0.4452672004699707,-0.020185332745313644,-0.8951702117919922,0.09089309722185135,-0.9935625791549683,0.06761519610881805,-2.141746759414673,-3.3600966930389404,-0.5059530735015869,0.5797902593305955,0.8068904558955211,0.9637258391458801,0.8480202026002891,0.6156398983230089,0.5547083007339721,0.5532137087265375,0.5570493792253716,0.5412329037791349,0.5449523886852164,0.635978965249671,0.5478034663714798,0.5496088711904312,0.5615636317161842,0.5440855693437213,0.5457665091360121,0.5432852733224167,0.548976796300227,0.5566756525541168,0.5727558463495456,0.5518972517133596,0.5448097613483828,0.5407073971906835,0.5641192395061767,0.5501318422390217,0.5545442774956296,0.5683979766211792,0.5419168250133743,0.5451846772227921,191114943254
94.6030044555664,198.75340270996094,47.227481842041016,0.44465187191963196,-0.021174447610974312,-0.895453155040741,0.09094750881195068,-0.9934863448143005,0.06865406781435013,-2.8873040676116943,-4.661430358886719,-1.9847759008407593,0.5797394565243004,0.8075726609455351,0.9637163132782238,0.8480791581323351,0.6151192028239147,0.5546534525454734,0.5531151836863047,0.5568642746933447,0.5412414972989836,0.5449444846651919,0.6358159588449963,0.5477754328724332,0.5494888689703055,0.5612592003904586,0.544045575293079,0.5457247595402883,0.5432855147103216,0.5489552092087938,0.5566354516047232,0.5729253705267037,0.5518728936568713,0.5449092117715486,0.5407159176741446,0.5641162805855641,0.5500837110940473,0.554614974149034,0.5683843542867933,0.5419877072928406,0.5451874548420449,191114951924
94.5617446899414,198.722900390625,47.208953857421875,0.44393590092658997,-0.02227228321135044,-0.8957816958427429,0.09088507294654846,-0.9934163689613342,0.06974109262228012,-4.77230167388916,-3.5275282859802246,-2.1433489322662354,0.5796366910955831,0.8079323958936333,0.9636383896689283,0.8480562257088482,0.6147335227768607,0.5546195717579302,0.5530521248918812,0.5567290320050473,0.541249247446111,0.5449272038602089,0.6356328032149675,0.5477658813808501,0.5493885030167317,0.5609405365324334,0.5439932993102298,0.545664924133835,0.5432795761422831,0.5489430800893943,0.5565497221529585,0.573071641568788,0.5517918176554252,0.5450369272720267,0.540720349531237,0.5641501893958549,0.5500064763465631,0.5546703697449158,0.5683236791135405,0.542080433127914,0.5451997004303569,191114960569
94.50748443603516,198.68515014648438,47.204803466796875,0.44309133291244507,-0.023483147844672203,-0.8961688280105591,0.0904962494969368,-0.9933788180351257,0.07077434659004211,-6.232998371124268,-4.3368730545043945,-0.4766494333744049,0.5796414290949873,0.8083219150417592,0.9634649285568366,0.8482387194032784,0.6142138053090265,0.5546106694487394,0.5530364543357796,0.5566112415302679,0.5412426450032145,0.5448841827569809,0.6356596483342765,0.5477739840124227,0.5492784408756896,0.5605581908504005,0.5439044426178428,0.5455985753515548,0.5432666691866957,0.5489395258289869,0.5564174747004459,0.5730126300563952,0.5516661602549601,0.5451115451264854,0.5407247118207734,0.564132599701578,0.549876986057992,0.5545879955992166,0.5680947063102808,0.5421446540728597,0.5451856342327454,191114969275
94.461669921875,198.64498901367188,47.17158126831055,0.44214168190956116,-0.024344133213162422,-0.8966147899627686,0.09013491868972778,-0.9933655261993408,0.0714186578989029,-5.296055793762207,-4.642674922943115,-3.8405649662017822,0.5796672271656139,0.8087286474326467,0.96320428020443,0.8485287927880106,0.6135669378473144,0.5545668709257051,0.5530137664173926,0.5565408622458768,0.5412426609528856,0.5448207624548155,0.6356116630950774,0.5477750267547256,0.5491956040948848,0.5602626366445941,0.5438325208371659,0.5455416859562664,0.5432406164388691,0.5489346850902316,0.556297770885566,0.5729109547791434,0.5515381195861097,0.5451586906748364,0.5407259217364953,0.5640844307472905,0.5497329169128155,0.5544643274514413,0.5677710771653841,0.5422056972907667,0.5451672161408299,191114977925
94.41283416748047,198.62713623046875,47.13508224487305,0.44104108214378357,-0.025220200419425964,-0.8971325159072876,0.08990281820297241,-0.9933357238769531,0.07212197035551071,-5.530881404876709,-2.022106409072876,-4.133717060089111,0.5797914418789459,0.8093967257165003,0.9628905991701993,0.8491115438956195,0.6126756496214374,0.5545145711881947,0.5530025784572787,0.5564845873033399,0.5412381150412658,0.544737627091287,0.6356646672316106,0.5477799326649363,0.5491181503933198,0.559949309963029,0.5437677120321743,0.545467196070343,0.5432146167136785,0.548933663879142,0.5561554779393522,0.5725836114510738,0.5513964623199936,0.5451208356439586,0.54072945942912,0.5639279379520158,0.5495446464562062,0.5541942583983049,0.5672667565757025,0.5422199390232222,0.5451138029859666,191114986755
94.388916015625,198.60914611816406,47.11008834838867,0.44000330567359924,-0.02579190395772457,-0.8976256847381592,0.0900469645857811,-0.9932820200920105,0.07268018275499344,-2.8130605220794678,-2.116020679473877,-2.9392995834350586,0.5798432083242101,0.809828393722949,0.962547752025738,0.8494880313059651,0.6119130341717595,0.5544228539151745,0.5529589876459003,0.5564271606960478,0.5412383667081067,0.5446437109074961,0.6355041608318148,0.5477726512926817,0.5490614038001664,0.5597107649406892,0.5437047386570516,0.5454011909143505,0.5431820672888134,0.5489306638482538,0.5560871000813207,0.5723583220374466,0.5512916333937239,0.5450727113574171,0.5407302034980668,0.5638068497108852,0.5494086309791285,0.5539263581487847,0.5668486488331123,0.5421943395833445,0.5450733172697193,191114995258
94.37413787841797,198.6094970703125,47.078880310058594,0.4391089379787445,-0.025765595957636833,-0.8980643153190613,0.09040089696645737,-0.9932485222816467,0.07269800454378128,-1.69333815574646,0.041369009763002396,-3.576472043991089,0.5798553314561881,0.8105621516007642,0.962177565567174,0.8498520199936518,0.6108991570163358,0.5542804126189407,0.5528777666450898,0.5563706815153189,0.5412449608902005,0.5445506704820707,0.6351224863938129,0.5477315035804762,0.5490213916623164,0.5596001576930112,0.5436691047764339,0.5453634148267312,0.5431501944852377,0.5489110088978079,0.5561113132224074,0.5722666670167489,0.5512440165761814,0.545009259484394,0.5407324926814275,0.5636499284370767,0.5493445871119081,0.5537358065532418,0.5664926503865848,0.5421481755145875,0.545034452511706,191115003984
94.35298919677734,198.5962677001953,47.052391052246094,0.4383985698223114,-0.02549576200544834,-0.8984189629554749,0.09080912917852402,-0.9932259321212769,0.07249807566404343,-2.447261333465576,-1.5317163467407227,-3.065654754638672,0.5798746410517559,0.8112886133711675,0.9618761820844542,0.8503068881406093,0.6099828290926074,0.5541613982972907,0.5528146675558305,0.5563893951054706,0.541260665084716,0.5444946434545955,0.6347989089259218,0.5477143842618192,0.5490186773988366,0.5595528493032532,0.54365284958291,0.5453277201440647,0.543122590248162,0.5489142098257888,0.5561404617293463,0.5721736711934652,0.5512035283079952,0.5449479638508156,0.5407339814402885,0.5635337839925945,0.5493202122501998,0.5535832200591945,0.5662051522707363,0.542093107685202,0.5449974423109025,191115012625
94.35995483398438,198.63612365722656,47.03676223754883,0.4378497302532196,-0.02503993734717369,-0.8986994028091431,0.09118078649044037,-0.9932210445404053,0.07209715992212296,0.8032089471817017,4.5996198654174805,-1.8035379648208618,0.5799060181788881,0.811896975644832,0.9614888827247567,0.850631349048194,0.6090552476515377,0.5540415927027007,0.5527600617145764,0.5564148567028426,0.5412685549571139,0.544443939258259,0.6344743625786446,0.5476925472858966,0.5490285226256975,0.5595534004919773,0.5436265756117942,0.5453037411257147,0.5430957656547596,0.5489136733477601,0.5561754123501655,0.572137069326623,0.5511368256870826,0.5449083822241327,0.5407337139725293,0.5634157612217119,0.5493078059485983,0.5534551190176492,0.5658925418524794,0.5420450476326004,0.5449631715960226,191115021291
94.37506103515625,198.66171264648438,47.011234283447266,0.4373711347579956,-0.02470041997730732,-0.8989418148994446,0.09170171618461609,-0.993186891078949,0.07190656661987305,1.7401279211044312,2.94629168510437,-2.9396657943725586,0.5799081951457308,0.8123482649033326,0.9612240627923421,0.8509532247091022,0.6083923345881204,0.5539377926898228,0.5527172415578675,0.5564605657747143,0.5412811048022802,0.5443900207662679,0.6341556649936908,0.5476751942604616,0.5490469902963689,0.5595198991596744,0.5436019558187284,0.5452478559314208,0.5430733554569436,0.54891192067899,0.5561780462933152,0.572032245044719,0.5510485485639346,0.5448628409054582,0.5407296811482584,0.5633184468100254,0.5492714981549057,0.5532983842467719,0.5655938413984526,0.5420012023525178,0.544942875279134,191115029975
94.38055419921875,198.6634063720703,46.96232604980469,0.43707308173179626,-0.023940008133649826,-0.8991073369979858,0.09245559573173523,-0.9931544065475464,0.07138855755329132,0.6354108452796936,0.19703137874603271,-5.6598944664001465,0.5799180299419853,0.8125083798868681,0.9609570553087071,0.8512284788995937,0.6079361734025484,0.5538349580071146,0.5526868219878307,0.5565234404960049,0.5412849164238688,0.5443400830374128,0.6338422855449035,0.5476584228983334,0.5490913993763904,0.5595634989726538,0.5435766432236354,0.5452061319663832,0.5430504632902916,0.5489214165855179,0.5562115149108812,0.5719265318761264,0.5509644303743951,0.5447970239822169,0.5407253739262942,0.5632294282270452,0.5492600889812771,0.5531532402486043,0.5652643691301522,0.5419491914030983,0.5449216569234329,191115038616
94.4021987915039,198.658935546875,46.91767883300781,0.436897873878479,-0.0230562724173069,-0.899215579032898,0.09320617467164993,-0.9931299090385437,0.07074994593858719,2.492152214050293,-0.5164197087287903,-5.141332149505615,0.5799265795947313,0.8125337762971675,0.9608236451214105,0.8516126744587031,0.6077374907426057,0.5537640117388394,0.5526845506676732,0.5566329567615133,0.5412922195003345,0.5443048289941281,0.6336165487179164,0.5476487169176109,0.5491576585966007,0.5596703508670984,0.5435742549828317,0.5451755355396019,0.5430319267357134,0.5489341173194277,0.5562519992745661,0.5717797188381887,0.5509196806577076,0.5447068863912088,0.5407198916560959,0.5631347869455138,0.5492592946994846,0.5530090683732691,0.5649928743148146,0.5418829682214487,0.5448951373643843,191115047300
94.4274673461914,198.646484375,46.8747444152832,0.43679147958755493,-0.022022241726517677,-0.8992931842803955,0.09402695298194885,-0.993106484413147,0.06998897343873978,2.900703191757202,-1.4275308847427368,-4.927399635314941,0.5798813639969632,0.8121845326902795,0.9607763455509827,0.851687340059836,0.6079104831382429,0.5537349231582473,0.5527149513845695,0.5567881452598196,0.5412997882347195,0.544299377424858,0.6334206037675594,0.54765167209183,0.5492452698512773,0.5598249373562854,0.5435724444544776,0.5451540001783189,0.5430209102285964,0.5489616722996498,0.5563307413019393,0.5717180323855166,0.5509050899635503,0.5446315360416539,0.5407139364701025,0.5630927612427343,0.5492882597049437,0.5528840982020664,0.5647532571499958,0.5418111339726034,0.544870008389893,191115056013
94.454345703125,198.61012268066406,46.83592987060547,0.4365479052066803,-0.02134193666279316,-0.8994278311729431,0.09484890848398209,-0.9930557012557983,0.06959960609674454,3.110966205596924,-4.20953369140625,-4.49355411529541,0.579812825209663,0.8112872318228314,0.9608010411528415,0.8517901990307828,0.6085486598502527,0.5537158340960757,0.5527481146263579,0.5569006324970475,0.5412915705183733,0.5442736793082312,0.6332757981878503,0.5476545680247337,0.5493200786174045,0.5599117616022539,0.543556093294758,0.5451103150453341,0.5430114054735123,0.5489783584453869,0.5563279423563716,0.5714671694829901,0.5508204967439589,0.5445297147469249,0.540705985668525,0.5630223972401536,0.5492743925362245,0.5527096710874015,0.5645260247288364,0.54173464442998,0.5448495178104412,191115064651
94.49787902832031,198.55369567871094,46.787696838378906,0.43651077151298523,-0.020223964005708694,-0.8994717001914978,0.09540734440088272,-0.9930697083473206,0.06862933188676834,4.968692779541016,-6.440553665161133,-5.504420757293701,0.5797994927831163,0.8099708259879548,0.9608396612530016,0.8519124357124199,0.6095091606453735,0.5537273437906642,0.5528310938495657,0.5570953823801564,0.541281071902892,0.5442580824842588,0.6332870731518131,0.5476548466013826,0.5494233072809114,0.5600775617666102,0.5435520717193333,0.5450728414479467,0.5430009067877338,0.5489736154947037,0.5563351175318432,0.5712322903623829,0.5507741008092489,0.5444219602781181,0.5406909767502562,0.5629132578861095,0.5492241882249608,0.5525172437759773,0.5643604741602386,0.5416613249097313,0.5448344187545453,191115073414
94.51715087890625,198.46469116210938,46.737571716308594,0.43649986386299133,-0.019186904653906822,-0.8994997143745422,0.09547887742519379,-0.9931390881538391,0.06751728802919388,2.2266721725463867,-10.284828186035156,-5.792739391326904,0.579773294012644,0.8084517460193477,0.9610804293198885,0.8521956940458176,0.6108603632408374,0.553807832729266,0.55296707746869,0.5573583993880058,0.5412834759419478,0.5442534877091053,0.6334931548085009,0.5476736907033919,0.5495433516013114,0.5602626409799261,0.5435690887489667,0.5450368363871739,0.5429974968171528,0.5489672363266948,0.5563158893078658,0.5709551609700237,0.5507585621764243,0.5443128783660481,0.5406744103193286,0.5628428654769548,0.5491582398813416,0.5523200179967329,0.5643075208257704,0.5415911926485605,0.5448313589751591,191115082067
94.55904388427734,198.3809051513672,46.705074310302734,0.43641144037246704,-0.01884494163095951,-0.8995498418807983,0.095536969602108,-0.9931580424308777,0.06715518236160278,4.83397102355957,-9.668519973754883,-3.749284267425537,0.5797521007718651,0.8064039014506158,0.9613683161502288,0.8524073620503392,0.6126560272392061,0.5539698183711687,0.5531415048526164,0.5576158402879908,0.5412848944165852,0.5442697326314996,0.6339820211867959,0.5477085094486785,0.549632018349289,0.5603257864776848,0.5435767463254638,0.5449802972635572,0.5430036140853672,0.5489449659119838,0.5561482932424279,0.5705843120991849,0.5506620665019613,0.5442648724224818,0.5406540376487748,0.5628415688108508,0.5489960684280779,0.55205478831745,0.5643169037034219,0.5415514615448169,0.5448642090376261,191115090734
94.56669616699219,198.26492309570312,46.687137603759766,0.43647125363349915,-0.0187013428658247,-0.8995237946510315,0.09565359354019165,-0.9931531548500061,0.0670614168047905,0.8908628821372986,-13.504107475280762,-2.0889604091644287,0.5797683299626134,0.804432242205737,0.96174759228352,0.8526302970877848,0.6145372115967099,0.5541369681624516,0.5533016562819505,0.557806821045811,0.5412783167155824,0.5442858536994265,0.6345553698223607,0.5477371465149553,0.5496719679945473,0.5603532668163609,0.5435630824056921,0.5449654661917879,0.5430025975065277,0.5489143939612102,0.5559195766576971,0.5702277155533952,0.5505300928116194,0.5442649947673303,0.540634169274226,0.5628785918924272,0.5487816396942324,0.5517533931380686,0.5642665772882113,0.5415409239232627,0.5449064403972106,191115099322
94.6092300415039,198.1433563232422,46.66545867919922,0.43662822246551514,-0.018622541800141335,-0.8994492888450623,0.09597311168909073,-0.9931162595748901,0.06715100258588791,4.88266658782959,-13.955456733703613,-2.4885637760162354,0.5798367459954122,0.8020514907122211,0.9619624012985637,0.8527865900734296,0.6165229464048491,0.5543089580898087,0.5534563167560889,0.5579629136734167,0.5412628718488816,0.5443070409672263,0.6352406301817669,0.5477572564914962,0.5496945641615285,0.5603477322385941,0.5435473535169124,0.5449490088226361,0.542997485536667,0.5488765052047208,0.5556605684008821,0.5698232373399321,0.5504025333319233,0.5442638451267656,0.5406138174510395,0.5629261314132906,0.5485313686300268,0.5514153857877275,0.5642484588240189,0.5415294419269132,0.5449565997731308,191115108033
94.64010620117188,197.99876403808594,46.671844482421875,0.4369613826274872,-0.018884841352701187,-0.8992819786071777,0.09587423503398895,-0.9931061863899231,0.0674404576420784,3.560722589492798,-16.676427841186523,0.7364042401313782,0.5799721023310096,0.7995989860462308,0.9621918500604149,0.8529185668447278,0.6186092189325691,0.5545326662277342,0.5536559825757393,0.5581311735342964,0.541236164086396,0.5443146029692896,0.6361439663768036,0.5477844672826078,0.5496948978571254,0.5602356744690956,0.543509182590248,0.5449052716123903,0.5429954934205915,0.5488177835196439,0.5552982826669166,0.5693255465562815,0.5502097445907324,0.5442924500747375,0.5405874787808668,0.5629648642912031,0.5481939848045343,0.5510251081688773,0.5642496602695889,0.5415485722609021,0.5450219694591396,191115116704
94.6801528930664,197.82867431640625,46.65776824951172,0.4375888705253601,-0.01917555369436741,-0.8989706635475159,0.09553837031126022,-0.9931216835975647,0.06768873333930969,4.645023822784424,-19.729265213012695,-1.6325201988220215,0.5802560065659125,0.7964483736078791,0.9621405250261512,0.8530975007310475,0.6208656174411002,0.5548109550847242,0.5539151407433499,0.5582589068967604,0.5411716677333981,0.5443004359204587,0.6374142222342537,0.5478445765298876,0.549698671277688,0.5600916277891561,0.5434425426893312,0.5448641736136252,0.5429896780576724,0.5487750369482592,0.5548491434673674,0.5687032960647435,0.5499302339561702,0.5443402887673685,0.5405601873789088,0.5629818249043523,0.5477825669328904,0.5505873146574749,0.5640675584592764,0.5416104546090508,0.5450748322447918,191115125325
94.68280792236328,197.62554931640625,46.65605926513672,0.43819424510002136,-0.020061276853084564,-0.89865642786026,0.09453687071800232,-0.9931778311729431,0.06826850026845932,0.30504459142684937,-23.276071548461914,-0.19591085612773895,0.5805524496626742,0.79304104487056,0.9621085357299676,0.8532022515780856,0.6233525537606622,0.5551643366671034,0.5542425987438844,0.5583886748380946,0.5410963219726712,0.5442556468229509,0.6388852265632403,0.5479612837489491,0.5497465095908198,0.5598995331739688,0.5433647312634585,0.5447784154122112,0.5429970505168824,0.5487792876367109,0.554407372785207,0.5679239306834666,0.5496166897206564,0.5443298791105448,0.5405349696608305,0.563081628812677,0.5474017235765176,0.5501117886790448,0.5639069725589055,0.541640980930767,0.545127375524974,191115134052
94.69515228271484,197.43206787109375,46.658809661865234,0.43888944387435913,-0.021321957930922508,-0.8982880711555481,0.09280052781105042,-0.99329674243927,0.06891798973083496,1.426792025566101,-22.36707305908203,0.3178093135356903,0.5808613670015746,0.7892556704486519,0.9620225741353031,0.8530765259440846,0.6260755130456331,0.5556040598938744,0.5546358722409741,0.5585288102819216,0.5410172865117795,0.5441877925386076,0.640569765750858,0.5481191852341635,0.5498251547035969,0.5597077794118047,0.5432862252632538,0.5446822964344549,0.5430120682889591,0.5488016638478662,0.5539683986117995,0.567233879611829,0.5492838523969296,0.5443707122902455,0.5405073885369837,0.563287036905835,0.5470102906460004,0.5496385853970716,0.5638219010094022,0.5416930815279676,0.5452103077002978,191115142702
94.71365356445312,197.2470703125,46.69861602783203,0.43961256742477417,-0.022420378401875496,-0.8979076147079468,0.09047264605760574,-0.9934986233711243,0.06910234689712524,2.1200287342071533,-21.19595718383789,4.560842990875244,0.5810552308014498,0.7855588580929549,0.961958829856808,0.8524658432403694,0.6287904013037771,0.5560501099118569,0.5550356905432963,0.5586528892134887,0.5409507608411369,0.5441069657429681,0.6420547492496284,0.5482791548910305,0.5499276056926145,0.5597274900230833,0.5432516225248674,0.544679972262242,0.5430254109173915,0.5488387965950086,0.5537085411538436,0.5669220757736739,0.5491340820780852,0.5444487286426762,0.5404837487427374,0.5635677327576795,0.5466900678776221,0.5492911709093552,0.5638983997868123,0.5417622843135066,0.5452960900264546,191115151430
94.74584197998047,197.0713653564453,46.75662612915039,0.44037196040153503,-0.023195911198854446,-0.8975157141685486,0.08900244534015656,-0.9936142563819885,0.06934916973114014,3.7238609790802,-20.329570770263672,6.711994171142578,0.5812991176143633,0.7825453918450198,0.9619181592305723,0.8519264346291114,0.631058186569915,0.5564694457240834,0.5554183570675582,0.5587273578005226,0.5408781093079393,0.5440386881339725,0.6435085793864054,0.5484435391186634,0.5500308937156588,0.5597511371059766,0.5432233302127495,0.5446830034527499,0.5430451690964855,0.5488962835447614,0.5534687417731468,0.5666435399331645,0.5489466493637183,0.5445409063555459,0.5404673426107724,0.5638282388416793,0.5463911771879995,0.5489634876514239,0.563781754978977,0.5418569894862683,0.5453635642356712,191115160073
94.77603149414062,196.92079162597656,46.81414031982422,0.4412245750427246,-0.023608483374118805,-0.8970861434936523,0.08746615797281265,-0.9937629699707031,0.06917224079370499,3.4619500637054443,-17.26576042175293,6.5945868492126465,0.5814739957592012,0.780150845567651,0.9620699209181908,0.8514692271870016,0.6331293216133603,0.5568647089446419,0.5558024534833003,0.5588019078457179,0.5408058617629689,0.5439640981786654,0.6447658105756159,0.5486101966708308,0.5501188851299241,0.5597176811205331,0.5431754546012889,0.5446757869261112,0.5430613123366517,0.5489475744625107,0.5532300247802427,0.5663593470340479,0.5487352608981871,0.5446337581364067,0.5404518061533461,0.5640705747277454,0.5461122891602148,0.5486434818185595,0.563587126260429,0.5419602581493286,0.545424438974517,191115168794
94.82221984863281,196.76332092285156,46.9058952331543,0.44228804111480713,-0.0242720078676939,-0.8965445756912231,0.08623045682907104,-0.993851900100708,0.06944604963064194,5.354635715484619,-18.254783630371094,10.637253761291504,0.5816297435279644,0.7784356877304421,0.9624737022742533,0.8510766990472669,0.6350592062677581,0.5573184402283144,0.5562041238329972,0.5588631233358113,0.5407472273376738,0.5439254498662692,0.6461124380856316,0.5488335693752106,0.5502164104242255,0.5596047637908851,0.543146837125428,0.5446452822239614,0.5430833043637783,0.5490451883971175,0.5529070206732446,0.5659365920380458,0.5484596260484438,0.544758231044657,0.5404405126787666,0.5644675437609591,0.5458430807897157,0.548316310122141,0.5633136349126561,0.5421126840184051,0.5455053549140928,191115177420
94.85563659667969,196.6212158203125,46.99126052856445,0.4431666433811188,-0.024376440793275833,-0.8961077928543091,0.08574879914522171,-0.9938937425613403,0.06944321095943451,3.866953134536743,-16.44603157043457,9.87903881072998,0.581743029034525,0.7772159949534677,0.9630756043332689,0.8509968330565331,0.6368820235640157,0.5576405824020016,0.5564656900105817,0.5589015923038209,0.5407168264986824,0.5439554573716406,0.6470770134276304,0.5490134194906889,0.5502932255339683,0.5595908362624414,0.5431716938613366,0.5446636169952425,0.5430981239835073,0.5491393771458596,0.5526477048497351,0.5654760536167383,0.5483090363094839,0.5448017071558613,0.5404337080368256,0.5648391927960021,0.5456527148930796,0.5480348408765698,0.5631948767081706,0.5421983284085042,0.5455745583379158,191115186061
94.92220306396484,196.49037170410156,47.07244110107422,0.4443162977695465,-0.02423086203634739,-0.8955422043800354,0.0846308171749115,-0.9940284490585327,0.06888454407453537,7.640060901641846,-15.016820907592773,9.317353248596191,0.5817896720370437,0.7763322104696466,0.9637828185336087,0.850881576827106,0.6386099668564963,0.5580210382044569,0.5567897218559454,0.5589871832183686,0.540685245882966,0.5439791777577612,0.6480476976210877,0.5492235853833418,0.550415194233316,0.5597031320755169,0.5432103102609055,0.5447204132765702,0.5431313872985439,0.5492451711758622,0.5524539523174044,0.565137172597034,0.5482046504896624,0.5448526381168647,0.5404293255627108,0.5651975239420137,0.5455164011517193,0.5478784753975819,0.5631800728419414,0.542312305392165,0.545634536189956,191115194774
94.99349975585938,196.39071655273438,47.11697006225586,0.44543081521987915,-0.022916579619050026,-0.8950230479240417,0.08371679484844208,-0.9942265152931213,0.06712040305137634,8.242552757263184,-11.520387649536133,5.147851943969727,0.5816576718309993,0.7766671165472359,0.9644936465509368,0.8510963730815679,0.6393619129487798,0.5582645532773657,0.5570153165483389,0.5590613558976304,0.5406598114714046,0.5440010649176937,0.6484099053814405,0.5493736211672953,0.5505422364970254,0.5600274595616718,0.5432605040764695,0.5448579246796896,0.5431613751212315,0.5493356491805166,0.5524127873556894,0.5650627207763377,0.5481821615304594,0.5448898935664618,0.5404269486348379,0.5654200268112045,0.5454793293254816,0.5478486164273267,0.5631266349471921,0.5424055196594261,0.5456565018413405,191115203424
95.08319091796875,196.30128479003906,47.162559509277344,0.4462449550628662,-0.02172057330608368,-0.8946472406387329,0.08229907602071762,-0.9944729804992676,0.0651944950222969,10.4309663772583,-10.401461601257324,5.302172660827637,0.5814873088165824,0.7780269112979652,0.9652575419161559,0.8518217894220139,0.6393717168775831,0.5584775598523279,0.5572255490762361,0.5591664800270052,0.540638291706464,0.544005604564655,0.6486327763832431,0.5495118762269728,0.5506522047648098,0.5602829590828073,0.543291187969443,0.5449703215227675,0.5432007133203448,0.5493961060164778,0.5523066178123944,0.5648688698805038,0.5480795569013526,0.5449220301194667,0.540427636949918,0.5654828703485545,0.5454439564092823,0.5478528115239967,0.5630157669383484,0.5425035988368179,0.5456555424991022,191115212022
95.19600677490234,196.26673889160156,47.1969108581543,0.44725796580314636,-0.02030688151717186,-0.8941744565963745,0.08069844543933868,-0.9947484135627747,0.06295556575059891,12.943643569946289,-3.9632201194763184,3.9412682056427,0.5812244622131832,0.7800780319355172,0.9659157763261536,0.8523857766682216,0.6386997863904492,0.5586448542251164,0.5573989843557522,0.5592523174421312,0.540623799071568,0.543990374834569,0.6485958877659532,0.5496138556575588,0.5507333523265063,0.5605973372881498,0.5433279575106773,0.5451328578842272,0.5432402558684043,0.5494417384029807,0.5523036638428863,0.5648762350323349,0.5480711851906405,0.5449500424850896,0.5404298755670507,0.5654890692788942,0.5454530835365499,0.5479109857057585,0.5628694904328087,0.542592749137062,0.5456351714068126,191115220738
95.2882308959961,196.2274627685547,47.208744049072266,0.44851988554000854,-0.01797535829246044,-0.8935920596122742,0.07949387282133102,-0.9950330257415771,0.05991622060537338,10.529157638549805,-4.48497200012207,1.350877046585083,0.5810311248623337,0.7824236894249389,0.9668204614624581,0.8533614134217428,0.6381740340762638,0.5587658583046823,0.5575726303226123,0.5593852643309867,0.5406040749108674,0.5439547315930866,0.6485466895145825,0.5496995992322163,0.5508223437475278,0.5609110448734629,0.5433356992588625,0.5452792292778991,0.5432711785845109,0.5494804797680738,0.5523044798945518,0.5648382793925703,0.5479932779386308,0.5449548707596644,0.5404325455359441,0.5653666410195117,0.5454797758433869,0.5479617079542267,0.5624771237121943,0.5426856783278342,0.5455806835627786,191115229497
95.37628173828125,196.22488403320312,47.185951232910156,0.44960519671440125,-0.015817340463399887,-0.8930873274803162,0.07803215831518173,-0.9953250885009766,0.056911636143922806,10.224264144897461,-0.2984152138233185,-2.6466732025146484,0.5809841156222484,0.7848511084581918,0.9675392820738633,0.8546290649770143,0.6373270899232407,0.5588715303300281,0.5577343255272568,0.5595585645960781,0.5405932748606712,0.5439223783815264,0.6486771165474822,0.5497625985946779,0.5508949983851715,0.5612013363882564,0.5433516095248252,0.545413601227798,0.5433039758661645,0.5495069009883607,0.5522974330944957,0.5646853509836275,0.5479496188074245,0.5448941386315939,0.5404357091829455,0.5651422529587634,0.5454982507063598,0.5479675366809129,0.5620934096680491,0.5427116563844837,0.5454980196024164,191115238109
95.44392395019531,196.19239807128906,47.17839813232422,0.4504314959049225,-0.013380153104662895,-0.8927107453346252,0.07634913921356201,-0.995647668838501,0.05344617739319801,7.8042755126953125,-3.7489278316497803,-0.8714885115623474,0.5809426249829738,0.7874825410320969,0.9682311493200788,0.8560352746808263,0.6362850315989531,0.5588940034452512,0.5578186047603506,0.5597320076757174,0.5405925690447131,0.543862768315126,0.64861348249514,0.549811939523778,0.5510051037523082,0.5615646987881014,0.5434013806729526,0.5455195053783136,0.543334076221034,0.5495406409763826,0.5523854273611599,0.5645047784525167,0.547966217901782,0.5447249351578355,0.5404454979337725,0.5647652231595063,0.545579739372517,0.5480495412038819,0.5617521884381962,0.5426685849054198,0.5453666490286215,191115246776
95.52218627929688,196.2036895751953,47.148494720458984,0.45105066895484924,-0.010953117161989212,-0.8924311399459839,0.07475321739912033,-0.9959474802017212,0.050005219876766205,9.03675365447998,1.3042793273925781,-3.4527246952056885,0.5809730944567332,0.7896337809312748,0.9688358254383284,0.8575799569285562,0.6354856036245891,0.5588680077671897,0.557843185705398,0.5598929686933407,0.5406033744820619,0.5438167208525496,0.6485583494950892,0.5498318877554673,0.5510858203955575,0.5618839200340335,0.5434537087402982,0.5456149080223194,0.5433550907266519,0.5495556048651106,0.5524602230704012,0.5643737782491458,0.5480043850171369,0.5445859119907274,0.5404543073983387,0.5644031107126151,0.5456535154625951,0.5481359752741849,0.5614905552566843,0.5426169534329977,0.5452557950335787,191115255437
95.57079315185547,196.22665405273438,47.13420486450195,0.45151370763778687,-0.008706833235919476,-0.8922216892242432,0.07370578497648239,-0.9961709380149841,0.04702045023441315,5.620086669921875,2.6545915603637695,-1.6523815393447876,0.5810673554707808,0.791326769042332,0.9693851817807944,0.8589989101550577,0.6349815646457041,0.5588109928411985,0.5578204674136783,0.5599724128792667,0.5406138397813833,0.5437879164161379,0.6485445839716998,0.5498182127155027,0.5510966940971598,0.5620657552465446,0.5434805962878196,0.5457012995385242,0.5433643704871082,0.5495528960666543,0.5524929769818372,0.5642386177629451,0.548026164243772,0.5444805382558158,0.5404611082373152,0.5641370788324063,0.5456908062158048,0.5481193368629074,0.5611861099489102,0.5425589564893909,0.5451811760719927,191115264085
95.64366912841797,196.24658203125,47.09971618652344,0.4519694149494171,-0.006024851463735104,-0.8920130729675293,0.07319226115942001,-0.9963549375534058,0.0438150018453598,8.356943130493164,2.285784959793091,-3.954371452331543,0.5810941833226355,0.793169392829859,0.9698193682795463,0.8601655953207593,0.6341916824768457,0.5586911604914576,0.5577495584247938,0.5600747170609813,0.5406358427127081,0.5437782883632142,0.6482660700513345,0.5497891942975056,0.5511495118985408,0.5624150949205463,0.5435442090030201,0.5458134386115037,0.5433708679555839,0.5495542462233154,0.5526331761344841,0.5642745689396799,0.5481129114549333,0.5443639380172324,0.5404687389610201,0.56384170943724,0.5457822369889896,0.5481829450593416,0.5609549512013814,0.5424771789362295,0.5450946313197342,191115272806
95.71528625488281,196.2876739501953,47.051918029785156,0.45240119099617004,-0.0030866344459354877,-0.8918091654777527,0.07316680997610092,-0.9964944124221802,0.0405653677880764,8.262168884277344,4.740598201751709,-5.514657497406006,0.5811122569156617,0.7944829477676149,0.9700840225461548,0.8611615879662997,0.6335470403469312,0.558523698295999,0.5576324363702863,0.5601564603430235,0.54065817314609,0.5437829643735911,0.6478673635044563,0.5497417474148371,0.5512041784118237,0.5627618418312977,0.5435933803643853,0.5459098450198272,0.5433688896485359,0.5495526160320638,0.5528147035199832,0.5644647615485985,0.5481886234220094,0.5442951689846169,0.5404743465605824,0.5635874621678983,0.5458973671580593,0.5482819884118088,0.5607654539045074,0.5424014197734796,0.54503050376851,191115281474
95.79463958740234,196.3084716796875,46.98560333251953,0.453083872795105,-0.00011562086001504213,-0.8914678692817688,0.07284628599882126,-0.9966509342193604,0.037153005599975586,9.197964668273926,2.410865545272827,-7.686731338500977,0.5811435047737235,0.7957787732203488,0.9703074570211659,0.8621549508130442,0.6328567983332666,0.558396177704711,0.5575794633781109,0.5603070182519946,0.5406731245748524,0.5437828586523183,0.6475575877755702,0.5497146422194629,0.5512943718589323,0.5631346272394375,0.54361389061712,0.5459927018832023,0.5433630166322009,0.5495708557315779,0.5530483805092563,0.564758996637505,0.5482404443646045,0.5442457672573192,0.5404791468558615,0.5633918665520157,0.5460504844046223,0.5483940606959506,0.5605986328996572,0.5423073911581069,0.5449761114323609,191115290101
95.87748718261719,196.34706115722656,46.9457893371582,0.4538222551345825,0.0025678668171167374,-0.8910885453224182,0.07282523810863495,-0.9967575669288635,0.03421677276492119,9.543905258178711,4.444661617279053,-4.586400508880615,0.581171926285086,0.7967152949008676,0.9704742755784431,0.8630572202419771,0.6323540358866319,0.5582409309370712,0.5574991776131439,0.560396034393502,0.5406838072210545,0.5437571933158459,0.6471883571743765,0.5496740195741706,0.5513575977096884,0.5634240290211712,0.5436083543180714,0.5460538586939993,0.543351657430598,0.5495772994278353,0.5532467993802108,0.5650414775266248,0.5482283559429342,0.5442231406718825,0.5404819602216575,0.5631953155286924,0.5461783113686985,0.5484855655112028,0.5603633931151066,0.542243568084724,0.5449365075166255,191115298782
95.96077728271484,196.3819122314453,46.92305374145508,0.45471200346946716,0.005162642803043127,-0.8906235694885254,0.07266050577163696,-0.9968648552894592,0.03131866827607155,9.619544982910156,4.0263519287109375,-2.625910758972168,0.5811710998239068,0.7979329664504704,0.9705311731513775,0.8638715865864123,0.6314676195186801,0.5580536171477448,0.557391402164688,0.5604653500212947,0.5406930718086875,0.5437489861906214,0.6466770172553907,0.5496116897915811,0.5514213413073645,0.5637553524911333,0.5436096184565434,0.5461234255812938,0.5433420735702833,0.5495768937734864,0.5535059578452843,0.5654215775667667,0.5482693224101246,0.5441927341687394,0.5404867012890646,0.5629950842960916,0.5463485341064669,0.5486104634161615,0.5601712392405526,0.5421472294772095,0.5448833205103439,191115307440
96.02824401855469,196.4308319091797,46.9090576171875,0.45593011379241943,0.008205212652683258,-0.889977753162384,0.07350839674472809,-0.9968882203102112,0.02846701815724373,7.751295566558838,5.620224952697754,-1.6080654859542847,0.5811156354466668,0.7995424643926575,0.9706696476440135,0.8646637267431463,0.6304108711937209,0.5578151067549967,0.5572262051463239,0.5604980824027961,0.540707696132261,0.5437776806249706,0.6459409927911636,0.5495001252439864,0.5514502892781362,0.5641100941043473,0.5436256605605377,0.546215335591429,0.5433458064590161,0.5495530147739978,0.5538144785379369,0.565908725339147,0.5483582075783263,0.5441636130266017,0.5404927935586377,0.5627838209743888,0.5465559948986572,0.5487948740028625,0.560024813770859,0.5420488159497723,0.5448342866555924,191115316144
96.16055297851562,196.51829528808594,46.8713264465332,0.4572092890739441,0.010890299454331398,-0.8892924189567566,0.07440157979726791,-0.9968882203102112,0.02604394219815731,15.220261573791504,10.060179710388184,-4.340351581573486,0.5810457525748192,0.8014016029651724,0.9706748436401708,0.8653111816071875,0.6289693873410429,0.557576771446362,0.5570409457722574,0.5605158383183799,0.5407288504618785,0.5438441944825022,0.6451636908997436,0.5493629849931286,0.551430990494046,0.5643929906117994,0.5436388178406285,0.5463075823034338,0.5433502372971288,0.5495183810032497,0.5541164126198573,0.566434640045027,0.5484981588443743,0.5441543335782073,0.5404970156090634,0.5626888755411554,0.5467555914934092,0.5489372635054716,0.5599826801698603,0.5419321416905989,0.5448195442439248,191115324837
96.25901794433594,196.57125854492188,46.85869216918945,0.4584638476371765,0.01321271900087595,-0.88861483335495,0.07524075359106064,-0.99687659740448,0.02399657852947712,11.387041091918945,6.125023365020752,-1.4612189531326294,0.5809403848518833,0.8031057967549498,0.9705977743911302,0.8655739474163653,0.6275408414529695,0.5573751909678639,0.5568836840420377,0.5605277416147166,0.5407458279025168,0.5439079819375026,0.644392277928491,0.5492411495820313,0.5514297969660156,0.5646759635201315,0.5436552013952158,0.5463877488524425,0.5433617367313356,0.5494979361287993,0.5544786388245907,0.5671126440216991,0.5486779656693574,0.5441729251472289,0.5405014143818563,0.5626632775750515,0.5469745048897559,0.5491064178249235,0.5600085797581218,0.5418245439565079,0.5448186053353314,191115333484
96.33535766601562,196.62950134277344,46.86440658569336,0.4594760835170746,0.015129354782402515,-0.8880612850189209,0.07611861079931259,-0.9968470931053162,0.0224005077034235,8.652119636535645,6.602100372314453,0.6479718685150146,0.5808356161570232,0.8042461783501538,0.9704205253348669,0.8657463151806438,0.6263848874768044,0.5571700263247525,0.5567262739429995,0.5605240643639897,0.5407541395160892,0.5439518140551786,0.6436212574363425,0.5491344880986018,0.5514285193403211,0.5648708389092225,0.5436448043875453,0.5464247668407604,0.5433666505049354,0.5494781283682423,0.5547913425405029,0.5677038991267057,0.5487957644884426,0.5441951782718787,0.5405040560195903,0.5626096066589112,0.547161124072763,0.5492356235686152,0.5599810919795141,0.541728976525518,0.544817434829708,191115342307
96.43273162841797,196.69497680664062,46.8774528503418,0.46035298705101013,0.01674756594002247,-0.8875779509544373,0.07684078812599182,-0.9968212246894836,0.021045539528131485,11.386825561523438,7.655900001525879,1.5255357027053833,0.5807287260172377,0.8049971650012759,0.9701628844287296,0.8658674166840853,0.6253994208198671,0.5569724201197689,0.5565734986220106,0.560504671164328,0.5407615590107265,0.5439867679990501,0.6428857194232663,0.5490226976266522,0.551426194391281,0.5650376336072261,0.5436346100100033,0.5464423431965912,0.5433713584305544,0.5494487062382543,0.5550898554812412,0.56830580381257,0.5488983460505155,0.5442317537675462,0.5405060695434835,0.5625558715375703,0.5473321990240412,0.5493720187565238,0.5600390046753478,0.54163933245186,0.5448308975881406,191115350859
96.54485321044922,196.7716064453125,46.888404846191406,0.4610593318939209,0.018299516290426254,-0.8871806263923645,0.07746032625436783,-0.9968008995056152,0.01969478465616703,12.896162033081055,8.813454627990723,1.259674310684204,0.580601820226397,0.8057293130528638,0.9698076259818421,0.8659060750551132,0.6242861769901391,0.5567911217845952,0.5564379897427322,0.5605459848513343,0.5407765871634824,0.5440438786000033,0.642142861218068,0.548948830489266,0.5514889241638966,0.5652839749149751,0.5436606026100883,0.5464435082182132,0.5433742273782638,0.5494616319845583,0.5554610019660137,0.5688181492912556,0.5490562773506621,0.5441835848285718,0.5405128928576219,0.5624960329107127,0.5475588068807747,0.5495502976110025,0.560102606699812,0.5415346242634224,0.5448095147448733,191115359553
96.6451187133789,196.85130310058594,46.904815673828125,0.46164077520370483,0.019834838807582855,-0.8868451714515686,0.07833041995763779,-0.9967561364173889,0.018481263890862465,11.338194847106934,9.013761520385742,1.855470061302185,0.5804600087494933,0.806380787788885,0.9694201617429666,0.8659835944164048,0.623184827231481,0.5565817757784289,0.5562842273880321,0.560563463033423,0.5407875059488553,0.5440797262534377,0.6413014973605787,0.5488777565835051,0.5515367012595529,0.5654632008356607,0.5436642733127259,0.546429395477462,0.5433634862106248,0.54946115064213,0.5557841725990074,0.5693061864265465,0.5491427022530669,0.5441618007321976,0.5405183307141117,0.5623695837476635,0.5477655610393698,0.549749314100923,0.5601516717584089,0.5414580462770657,0.5447835942351901,191115368396
96.77718353271484,196.9049072265625,46.7874870300293,0.46249836683273315,0.025129469111561775,-0.8862639665603638,0.0835563912987709,-0.9963847994804382,0.015352167189121246,15.522207260131836,6.300384521484375,-13.790399551391602,0.5794538160795938,0.8100316107626166,0.9721278877284057,0.8658553659326516,0.624450459382576,0.5552907812115528,0.5550284867849427,0.5598506387072724,0.5412022287481216,0.5441077660850924,0.636786023033719,0.5483198880288417,0.5514604262781128,0.5650561648162505,0.5439352849151209,0.5458576000547412,0.5432240574747804,0.5489457393184218,0.5562613341573553,0.5699224740547478,0.549051912853722,0.5439496568775812,0.5405294402051367,0.5618745855697077,0.5488070911879578,0.5510349484923182,0.5608640119245558,0.5412997920824103,0.5447215917325394,191115376904
96.94769287109375,196.98951721191406,46.681480407714844,0.4634809195995331,0.0310810599476099,-0.8855616450309753,0.08894992619752884,-0.9959685802459717,0.011598100885748863,19.719385147094727,9.784232139587402,-12.259151458740234,0.5784047805263526,0.8172453855029171,0.9730716612308166,0.869317038512313,0.6201742955118806,0.5540832083158117,0.5539283052015701,0.5596275425904509,0.5417146006875273,0.5442777064268706,0.6323215230481907,0.5479175969643443,0.5515592267259489,0.5648619761350602,0.5442379698981564,0.545354120331129,0.5430970306522815,0.5486090634598186,0.5569231197248324,0.5708550978706617,0.5490322083251434,0.5438062885382202,0.5405470824363925,0.5617040427935683,0.5503076190377224,0.5527030599398574,0.5622221946538924,0.5410941933504916,0.5447679863461139,191115385551
97.1444091796875,197.08187866210938,46.58484649658203,0.4644320607185364,0.03718817979097366,-0.8848276138305664,0.09335814416408539,-0.9956068396568298,0.007158129476010799,22.60012435913086,10.61100959777832,-11.102378845214844,0.5771050897892909,0.8286662792466313,0.9711505744338421,0.8757704561632719,0.6085120321480414,0.5530213321836647,0.5531161940486001,0.5598811102825269,0.5422527669145797,0.5444978610585067,0.6275902220535798,0.5476435097016636,0.5518637929758681,0.5651509973534671,0.5445513954547482,0.5450119882378222,0.5430002139279065,0.5484016724889188,0.5578301829852201,0.5722455528348799,0.5491547804702016,0.543731641090928,0.5405688614272764,0.5616028268589922,0.5521847988440846,0.5545830261140725,0.5640446538793426,0.540861732202159,0.5448358447527362,191115394255
97.31895446777344,197.26585388183594,46.71045684814453,0.46422213315963745,0.03880780562758446,-0.8848682045936584,0.09335612505674362,-0.9956185817718506,0.005311758257448673,20.01749610900879,21.09797477722168,14.405028343200684,0.5767035734877398,0.8323976054678988,0.9677433541279792,0.8751418874566306,0.6012879160403934,0.5530800175180299,0.5533631992443149,0.5607116672563661,0.5421838674434621,0.5447372987605118,0.6262270290570024,0.5477864620486115,0.5524429446715774,0.5663616465988942,0.5446565878691657,0.5451102894821612,0.5430678639451112,0.548693468366035,0.5588542820733123,0.5736971993698419,0.549649818992804,0.5437389190859343,0.5405725385125131,0.561603956963501,0.5527509290642346,0.5550611518793694,0.5649781706691173,0.5407727384198707,0.5447902529270939,191115402975
97.50021362304688,197.48855590820312,46.89006042480469,0.4642506241798401,0.04009460657835007,-0.8847959041595459,0.09219863265752792,-0.9957352876663208,0.0032545996364206076,21.003019332885742,25.8068790435791,20.811283111572266,0.5765504293806183,0.8332646299316844,0.9653337954805542,0.872913760100164,0.5977502261149169,0.5532397950862428,0.553740955221174,0.561468572016433,0.542010539284681,0.5448291036082757,0.6253410019723932,0.5479819060482981,0.5529285509983468,0.5675118326044538,0.5445988285463262,0.545298329641248,0.5431255479548637,0.5489935218188517,0.5596839442224426,0.5751295721930301,0.5499138676651226,0.5438580551917344,0.5405746470554493,0.5614487422650861,0.5532127704150382,0.5558467059497736,0.565478900960552,0.5408349344291464,0.5447345951356352,191115411605
97.72852325439453,197.7256317138672,47.09566879272461,0.46413248777389526,0.041246894747018814,-0.884804904460907,0.09208180755376816,-0.9957496523857117,0.0018835521768778563,26.178882598876953,27.183908462524414,23.576234817504883,0.5766500157405804,0.8333655904587203,0.9636830909855039,0.8703679976190131,0.5958155708037787,0.5532692087912539,0.5539175547155537,0.5618666753179092,0.5418461599032502,0.5448596077420191,0.624567824391797,0.5481134325649882,0.5531783237025278,0.568268760639227,0.5444754771869599,0.5454887710432237,0.5431674262926593,0.5492414276570818,0.560308509201847,0.5763666718541888,0.5500615908806231,0.5440126280711751,0.5405845347452007,0.5612191110629643,0.5536296848739942,0.556745137164796,0.5657281950227626,0.5409548802951979,0.5446702019706052,191115420326
97.98702239990234,198.0179901123047,47.34909439086914,0.46329808235168457,0.0416150726377964,-0.8852248787879944,0.09214738011360168,-0.9957443475723267,0.0014162821462377906,29.546342849731445,33.415367126464844,28.96635627746582,0.5770054694371995,0.8338034866603766,0.962724592248319,0.8682468011773665,0.5945418303540946,0.5532126317331442,0.5539338005068135,0.5620785697081726,0.5417183521212504,0.5449213620838989,0.6240600069065242,0.5481756839089473,0.5532308725815626,0.5686335979588949,0.5443401475626258,0.5456448872645357,0.5432055190798063,0.5494064764412483,0.5607089258006525,0.5772559943468605,0.5501585856518847,0.5441489773667465,0.5405995917159918,0.5609333771961686,0.5540566507795645,0.5575294176923384,0.5662049930903359,0.5410204679419798,0.5446049269501846,191115429075
98.26244354248047,198.30213928222656,47.64936828613281,0.4621090590953827,0.04148712754249573,-0.8858521580696106,0.09050147980451584,-0.9958961606025696,0.0005697138840332627,32.41004943847656,33.4373893737793,35.334938049316406,0.5776212309236407,0.8342836138358211,0.9624502141078608,0.8665424911098247,0.5940662538543724,0.5531493889615017,0.5539297470265712,0.5623068322962566,0.5416405426302902,0.5449919695748072,0.6240216840994629,0.548223398180322,0.5532704620154336,0.5689366731329811,0.544238669690294,0.5457767738566112,0.5432491487655675,0.5495391082245429,0.561065796827555,0.5781351918336033,0.5503009394695296,0.5443024517713747,0.5406138211783827,0.560655455988184,0.5545473682409157,0.5583963786122323,0.566867046040707,0.5410819472399131,0.5445368010411114,191115437573
98.56442260742188,198.5841827392578,48.01005554199219,0.46118348836898804,0.0425158254802227,-0.8862856030464172,0.08863390237092972,-0.9960628747940063,-0.00166080251801759,34.48076629638672,32.20484924316406,41.18350601196289,0.5782042873063639,0.8339315043653728,0.9628014159217417,0.8654433584971952,0.5948267426385458,0.5530455371811474,0.5538515948801551,0.5624633793575612,0.5415791049729014,0.5450921403855681,0.6241491620324935,0.5482343565630117,0.5531420578241789,0.5689715731206413,0.5440793875416794,0.5459288014147782,0.5432741290299146,0.5495967350429277,0.5611137510303998,0.5788707128645874,0.5502877775399307,0.5445735457459828,0.5406289170137898,0.5602036625310131,0.5549583579809841,0.559366456481689,0.5674920913091809,0.5411964505864516,0.5444439591458344,191115446331
99.0105209350586,198.84140014648438,48.23052978515625,0.4606693387031555,0.04881015047430992,-0.8862287402153015,0.09155875444412231,-0.9957732558250427,-0.0072504207491874695,51.3994140625,29.63700294494629,25.403345108032227,0.5773925336971086,0.8380838375669735,0.9640876017386769,0.8677508233687343,0.5934116265511328,0.5518183449927371,0.5530921130297942,0.5627566991999255,0.5420997913719178,0.5451978261786646,0.6199376469311293,0.5477985864680386,0.5533170751132879,0.5695675012767322,0.5443685676570672,0.5458123473738342,0.5430420026199597,0.5491515389849713,0.5619022040829524,0.5809830762247984,0.5503264505128473,0.544787473793908,0.5406508301155449,0.559589596182182,0.557872669669396,0.5631224804207541,0.5704125700295575,0.5411852750434425,0.544489923226985,191115455010
99.48344421386719,199.13706970214844,48.53588104248047,0.4604431688785553,0.05549021065235138,-0.8859531283378601,0.09471089392900467,-0.9954183101654053,-0.013123707845807076,54.857505798339844,34.29674530029297,35.41938018798828,0.576560644572057,0.8430837507422358,0.9653285995242513,0.8721857517297598,0.5913666185264412,0.5507228521241224,0.5525658523045777,0.5638344192502258,0.542732947024462,0.5455881881674761,0.616164906868491,0.54749215880014,0.5536370176972129,0.5703210262109745,0.5447269687008829,0.5457204556790243,0.5428383874835201,0.548840430516123,0.5626732577187055,0.5833536565377966,0.5504039323911755,0.5451388619535993,0.5406756026606807,0.5591874266683603,0.5611408862143037,0.5669713978962753,0.5738296120309542,0.5411196824700456,0.5445690823222807,191115463631
99.96004486083984,199.4481658935547,48.94419479370117,0.46066179871559143,0.06297655403614044,-0.8853387236595154,0.09861689805984497,-0.9949352145195007,-0.019459843635559082,55.174720764160156,36.01464080810547,47.269466400146484,0.5755707603855204,0.8477386343326038,0.9665138183989285,0.8766876578161868,0.5894975257838236,0.5498293985153329,0.5523203261573245,0.5653249769199784,0.5434083495082397,0.5460456650410587,0.6126454104812503,0.5472590085305983,0.5540351274315666,0.571197197065342,0.5450811845497315,0.5456674905162155,0.5426882212594961,0.5486064450384082,0.5634884975824703,0.5857302099954947,0.5505589339190146,0.545481406601909,0.5406947238020143,0.5589437503802942,0.5643966399786501,0.5703951696991362,0.5769233899385853,0.5410065299687467,0.5446425639932957,191115472269
100.43297576904297,199.79786682128906,49.47086715698242,0.4616478979587555,0.06990072876214981,-0.8843048810958862,0.10222696512937546,-0.9944408535957336,-0.02523934468626976,54.63654708862305,40.39997100830078,60.84477996826172,0.5746082658530285,0.8510769512945238,0.9676122077015284,0.8802941609381989,0.5884260386926188,0.5491166739258188,0.552253265136185,0.5668982624620107,0.5440423478453911,0.5464932070350648,0.609657524300974,0.5471063116857375,0.5544162041633619,0.5718073064262869,0.5453523403176757,0.5455513059093968,0.5425788695381345,0.5484545161697932,0.5640980801014689,0.5878015534239053,0.5505853371767735,0.5458478650913511,0.5407048436691251,0.5588662438756867,0.5672704955538266,0.5734394792038258,0.5793289194624214,0.5409447453538774,0.5447146623862034,191115480925
100.84361267089844,200.09829711914062,49.9983024597168,0.4632661044597626,0.0775759220123291,-0.8828173279762268,0.10514191538095474,-0.9939368963241577,-0.03216620534658432,47.01555252075195,34.39667510986328,60.38874435424805,0.573747138225828,0.8537408924635902,0.9687168271757552,0.8833265842507855,0.5878384528396254,0.5484987996876612,0.5523166355621018,0.5686416270104496,0.5446503318321942,0.5469681931735065,0.6069668787303648,0.5469699330158586,0.5547644937393481,0.5722998611124226,0.5455586108113292,0.5454237670803419,0.5424928923970126,0.548294267990994,0.5645671323081937,0.589368368011766,0.5506335314520292,0.5461071357982132,0.5406978304897806,0.5588448107166631,0.5699151000011807,0.5761140775744268,0.5813926739801407,0.5408809821841463,0.5447944299254749,191115489659
101.19218444824219,200.29562377929688,50.524478912353516,0.46568062901496887,0.08461755514144897,-0.8808980584144592,0.10916385054588318,-0.9933083653450012,-0.037706781178712845,40.488746643066406,22.92096710205078,61.11917495727539,0.5730344538411486,0.855438529619482,0.9699113624983396,0.8864902593060071,0.5880026590900349,0.5480586492806322,0.5524339723273625,0.5703298761054206,0.545196526759792,0.5474695905740415,0.6051453944123865,0.5468742753412352,0.5549651379190232,0.5723337384777244,0.5456948610435253,0.5452358490836661,0.5424483560776373,0.5481226097681328,0.5646129200717549,0.5896799380846768,0.5505752394185544,0.5461446146905385,0.5406762827431552,0.5589477430920609,0.5713853170822635,0.5767865566491378,0.5828926388937598,0.5407279702245523,0.544940597895631,191115498268
101.5004653930664,200.51828002929688,51.13797378540039,0.46860355138778687,0.08979629725217819,-0.8788329362869263,0.1130695790052414,-0.9927347898483276,-0.04114445298910141,35.5575065612793,25.682287216186523,70.76091766357422,0.5726629343420734,0.8566021045152624,0.9708877147936068,0.8886488974070961,0.5883353915886995,0.5477085133950907,0.552376129521437,0.5714400105149692,0.5456197361505717,0.547922944001379,0.6041119366830479,0.5467395000472959,0.5549512817294366,0.5720919025837975,0.5457763850537883,0.5450913881877377,0.5424428162829498,0.5479450290314576,0.5646732032690069,0.5900528919864777,0.550625813207283,0.5462034283624794,0.5406657680290511,0.5591519785776065,0.5728334020689335,0.5773375097641955,0.5844566621817127,0.5405927830955031,0.5451332083770504,191115506938
101.77154541015625,200.68797302246094,51.7238883972168,0.47230130434036255,0.09349125623703003,-0.8764649629592896,0.11684010922908783,-0.9922247529029846,-0.04287746548652649,31.234386444091797,19.5521240234375,67.50931549072266,0.5725114109300824,0.8568184118749208,0.9717414672980896,0.890738689528838,0.5891668220565915,0.5474967186069265,0.5520887156833006,0.5718368155545904,0.5458437314554696,0.5483543743509702,0.6040303944625401,0.5465926931593065,0.5545372309988269,0.5710609595353149,0.5456599547858778,0.544909965902128,0.542483065742299,0.5476983574566926,0.5639408717292854,0.5897452176341005,0.5503252776960877,0.546473522935302,0.540650468575319,0.5593251683067803,0.5727991962677914,0.5780501153010218,0.5847041148158629,0.540689297663165,0.545364128924699,191115515617
102.0023422241211,200.90574645996094,52.26564025878906,0.47598955035209656,0.09503473341464996,-0.8743010759353638,0.1197114884853363,-0.9918925166130066,-0.042642999440431595,26.582836151123047,25.083045959472656,62.39957046508789,0.5726807317799759,0.8565158578444337,0.9724991608649179,0.8921325670156348,0.5902932850159778,0.547383176189142,0.5516331248734935,0.5717434025466327,0.5459545685695915,0.5487946327330804,0.6047097818646302,0.5464063364998446,0.5539208774014622,0.5697937163947433,0.5455025930077236,0.5447736561362421,0.5425647274518118,0.5473931530471684,0.5629505335147565,0.5888991984816281,0.5500122704448169,0.5466998329127102,0.5406363768206717,0.5594616928003769,0.572037185744443,0.5785433002541094,0.5843986063606809,0.5408923212291974,0.5456020412002041,191115524299
102.21023559570312,201.1699981689453,52.794368743896484,0.4792456030845642,0.09491560608148575,-0.8725335001945496,0.1227453425526619,-0.991613507270813,-0.04045051336288452,23.618871688842773,30.021726608276367,60.06911087036133,0.573013742124961,0.8570420299114017,0.9731779828575354,0.8932412304980112,0.5908357456659834,0.547307003476137,0.5509888577737361,0.5711516869317358,0.5460200628581666,0.5492308355675577,0.605682932335298,0.5461888289149371,0.5532538791519711,0.5686731241469455,0.5454261956491182,0.5447423049454405,0.542690104230292,0.547126404098155,0.5620561198088166,0.588150475179433,0.549825826708146,0.5469345813942533,0.5406375790823479,0.5596181138900331,0.571050424315885,0.5793405562009828,0.5837338894044487,0.5412525114774466,0.5457998012515307,191115533101
102.43663787841797,201.53489685058594,53.22816848754883,0.4824478328227997,0.09587256610393524,-0.8706621527671814,0.1264006495475769,-0.9912081360816956,-0.039105817675590515,26.485963821411133,42.687705993652344,50.74855041503906,0.5734325263278138,0.857424511838611,0.9735363182414062,0.8940924962238769,0.5910851426636269,0.5472404536457097,0.5504488274790307,0.5706805577125272,0.5460644485622644,0.5496303403802185,0.606568520499908,0.5459966887035069,0.5528216212905092,0.56834771082155,0.5454730597990578,0.5448914685852531,0.5427916468067505,0.5469537881619324,0.5618225174896475,0.5879677282306534,0.5499925868627755,0.5469890665569206,0.5406477651881474,0.5597395451244507,0.5708410697140817,0.580313881127297,0.5836964330550483,0.541516977462764,0.5459289991823197,191115541649
102.66989135742188,201.95077514648438,53.57144546508789,0.48491495847702026,0.09662499278783798,-0.8692071437835693,0.1296880692243576,-0.9908342957496643,-0.03779498487710953,27.03142547607422,48.194664001464844,39.78181457519531,0.5738783037733999,0.8580886309837298,0.9738154669801461,0.8946450452986536,0.5910654417194816,0.5471702728026566,0.5499515474115886,0.5701716205770738,0.5461042784349467,0.5499576830183649,0.6073406468770524,0.5458311303719283,0.5524763034790171,0.5681667963938897,0.5455502925706315,0.5450478944790006,0.5428857546568762,0.5468531259914158,0.5617027240988441,0.5878759889279728,0.5501529718643309,0.5470203917482017,0.5406676645923159,0.5598834488264561,0.5706941144241952,0.5814612129945315,0.583311897371237,0.5418411934744378,0.5459975530879216,191115550278
102.89852905273438,202.3729248046875,53.77915954589844,0.4869849383831024,0.09817780554294586,-0.8678748607635498,0.13183735311031342,-0.9905397891998291,-0.03807716816663742,26.132814407348633,48.25249099731445,23.741544723510742,0.5741923823712708,0.8579245673544618,0.973978572817806,0.8947530017039617,0.5914269908127125,0.5470727437809896,0.5496595772410087,0.5700573348309796,0.546161321310468,0.5502250822404762,0.6076835328285368,0.5457314594758812,0.552400763088132,0.5684584292551592,0.5456665471760813,0.5452176191538733,0.5429595279922625,0.5468289183868967,0.5619752339485196,0.587877713683068,0.5504307814286256,0.546838251098303,0.5406836271983522,0.559951357312045,0.5708641102188147,0.5825864230640322,0.5830228631164768,0.5420853673027718,0.5460095884775963,191115559027
103.08218383789062,202.7554473876953,53.9073486328125,0.4885460138320923,0.09986988455057144,-0.866803765296936,0.13405755162239075,-0.9902241230010986,-0.038532696664333344,21.261484146118164,44.28360366821289,14.839944839477539,0.5744939094452804,0.8580142011744706,0.9740523318678023,0.894922403400473,0.5915033664601586,0.5469374809066709,0.5494573722042867,0.5700494129594492,0.54620651930086,0.5504058992202644,0.6077770577277506,0.5456653047177205,0.5524390626597059,0.5689193805479218,0.5457903503434658,0.5453800950426183,0.5430019153467961,0.5468814892689694,0.5623887192661836,0.5878285650415216,0.5506876540586604,0.5465627087297452,0.5407012740299616,0.5600515404503466,0.5710322129985028,0.5832352694331474,0.5824829706930821,0.5422176757209133,0.5459883584415134,191115567665
103.22032165527344,203.09677124023438,54.01671600341797,0.489401638507843,0.1013965979218483,-0.8661436438560486,0.1359080970287323,-0.9899497032165527,-0.03909731283783913,15.920151710510254,39.33558654785156,12.604521751403809,0.5746996782797003,0.8583368359962809,0.9739784242217983,0.8949324839034906,0.5912250260084481,0.546748749124462,0.5493653640952655,0.5701914760477411,0.5462745517169052,0.5504696864451827,0.607445089720538,0.5456377814602216,0.5526601187919675,0.5696698692987132,0.5459582198847929,0.5455331300910227,0.5430189238482978,0.5470139069320848,0.5630449579707434,0.5879575001878689,0.5509627969027189,0.5462280972758231,0.540723388772521,0.560168014389043,0.5713667522850745,0.5837462409079528,0.5817959325129811,0.5422652387229312,0.5459413428073578,191115576342
103.28019714355469,203.37635803222656,54.115413665771484,0.4885701835155487,0.10164380073547363,-0.8665839433670044,0.13748006522655487,-0.9897528886795044,-0.03858089819550514,6.641471862792969,31.011293411254883,10.946946144104004,0.5747438668310008,0.852185592592918,0.9750628484042849,0.8867341916417341,0.5970456476653866,0.5463278960990291,0.5488964356123276,0.5705511274174031,0.5465344883746074,0.55095073640942,0.6061308647568943,0.5455816841663556,0.553085438121888,0.5708772277056907,0.5465227108336562,0.5457195787473469,0.5429526337539213,0.5474911032569022,0.5657329947511296,0.5906853012975984,0.5527399870002804,0.5458163397922665,0.5408451595484107,0.5612707419415064,0.5758677023405919,0.5878631394476616,0.5859605424234838,0.5419384603210442,0.5460882576435964,191115585358
103.27954864501953,203.51698303222656,54.173892974853516,0.487213134765625,0.1003841981291771,-0.8674942851066589,0.13866479694843292,-0.9896612763404846,-0.03664236143231392,-0.07863206416368484,16.944900512695312,7.046207427978516,0.57466509412779,0.8464605209054078,0.9760255841891253,0.8800254562203453,0.6025834877289143,0.5459452737324577,0.5484076790147999,0.571210696904439,0.5467962801856079,0.551701467213126,0.6048786792395997,0.5455398203343222,0.5535036277657083,0.5721511790585047,0.5471055332339207,0.5459524385773912,0.5429157026881453,0.5479718890648804,0.5682292959179444,0.5950223546556218,0.5544210874983491,0.5461462381720298,0.5409754163145836,0.5624023404384044,0.5808180562013303,0.5960187640508207,0.590019325130243,0.5425082694087459,0.5462495462486813,191115593657
103.22691345214844,203.60552978515625,54.155616760253906,0.4857967793941498,0.09884683042764664,-0.8684646487236023,0.13943782448768616,-0.9896247982978821,-0.03463909029960632,-6.056642532348633,10.189672470092773,-2.1030633449554443,0.5744452548694695,0.8407833569990094,0.9773115290459922,0.8741491705537741,0.6087611176045659,0.5455770819546394,0.5478917447262934,0.5717823924417119,0.5469739672848689,0.5524883553511587,0.6035561045443361,0.5454625080805988,0.5537740862414927,0.5730429885009114,0.5475913189225131,0.5461168905346778,0.5428855443826444,0.5483775576093862,0.5704209343957366,0.599799130361655,0.5559408437247698,0.5467972900845379,0.5411088986276295,0.563373570549865,0.5856004610937656,0.6064971332629978,0.5935661313774837,0.5438005543060684,0.5463835394543994,191115602347
103.09687042236328,203.56649780273438,53.99577331542969,0.4840029776096344,0.09617296606302261,-0.8697654008865356,0.13894811272621155,-0.9897785782814026,-0.03212204575538635,-15.055076599121094,-4.520275115966797,-18.50456428527832,0.5741940491064464,0.8347394228136824,0.9789876445702278,0.8682494942256489,0.6161447729009966,0.5452870355846365,0.5474856771775877,0.5723757324267067,0.5471774709187948,0.5531909533609246,0.6024413970213726,0.5454092747520387,0.5540638135259184,0.573778285656227,0.5480631186377712,0.5462018925575245,0.5428937796760307,0.548770416408224,0.5724196601959493,0.604394462354705,0.5573224450508905,0.547493229106123,0.5412476710709802,0.5642451378481321,0.5900096877765658,0.6177447506224635,0.5965558710925135,0.5456065166858146,0.5464568078351945,191115610985
102.92823791503906,203.43763732910156,53.76778793334961,0.48183727264404297,0.09316054731607437,-0.8712944388389587,0.13796435296535492,-0.989996075630188,-0.0295562706887722,-19.454946517944336,-14.865630149841309,-26.301939010620117,0.5738810819069661,0.8282360540416311,0.9806197796804903,0.8628891367172395,0.6241485399787458,0.5450212886563862,0.5471981844367476,0.5728924550224295,0.5473288355564148,0.5537009510090657,0.6013039259631159,0.5453651581895873,0.5542461219696415,0.5740753744582876,0.5484036736643237,0.5461750735998032,0.5428705794634797,0.5490970695138974,0.5741225646711386,0.6088338580109589,0.5584749888984374,0.5482920596230483,0.5413671404502222,0.5649472752453362,0.5939047995704531,0.629604772372108,0.5990215418459364,0.5480248642292078,0.5465070575495181,191115619653
102.6026611328125,203.1844024658203,53.391746520996094,0.47912874817848206,0.0889429822564125,-0.8732266426086426,0.13560067117214203,-0.9904097318649292,-0.02647630125284195,-37.56501388549805,-29.217920303344727,-43.38788604736328,0.5736442068164488,0.8199757081760771,0.9821104811832044,0.8570669250208944,0.63369909090156,0.5448093655946337,0.5469173328598106,0.5729410026384941,0.5473971167786686,0.5539511161113679,0.6004888967553854,0.5452934139189684,0.5540063662593452,0.573124794577177,0.5484717845955277,0.5459078817989343,0.5428155269613656,0.54924605630283,0.5752605665015776,0.612865178261492,0.5593942148051141,0.5492432032551287,0.5414549570740598,0.565463476242714,0.5969255886923878,0.6408842555358929,0.6011880072967645,0.550861200419876,0.5465659924133015,191115628320
102.30510711669922,202.83937072753906,52.93720626831055,0.47666749358177185,0.08542419970035553,-0.8749232888221741,0.13243989646434784,-0.9908859133720398,-0.024591682478785515,-34.292152404785156,-39.763919830322266,-52.38438034057617,0.5733972349816501,0.8116921414936528,0.9832746915918912,0.8519608846064178,0.6429662097962604,0.5446424141862528,0.5467368180346092,0.5728101673951208,0.547422706267073,0.5539810027142528,0.599774424240074,0.5451953903943055,0.5537891145046956,0.5722582136354994,0.5485237419178554,0.5456523600052731,0.5427329277057878,0.5492474225289397,0.576072040396081,0.6167751322341887,0.5601120199212025,0.5503310828619777,0.5415125570015775,0.565525302883022,0.5993442165195381,0.6525139950716934,0.6033230935358405,0.5543409617448483,0.5465827803883567,191115636997
101.96937561035156,202.49745178222656,52.42792510986328,0.4740825295448303,0.08153975754976273,-0.8766966462135315,0.12820592522621155,-0.9914834499359131,-0.02288719452917576,-38.72764587402344,-39.44100570678711,-58.747222900390625,0.573136220646076,0.8040722243769572,0.9841948395356397,0.8478863193590004,0.6513978812231277,0.5445342684414464,0.5466249619415381,0.5728666623881788,0.5475026308406313,0.5540675161590919,0.5992387543983085,0.5451199881979165,0.5537083199529036,0.5717651836031739,0.5486730883858414,0.5454671612115802,0.5426827362824902,0.5492356411987349,0.5769694547647467,0.6207715212565705,0.5608538167166556,0.5514209127625813,0.541573029169732,0.5654535971072916,0.6016711609833009,0.6639065923530741,0.6055541820907778,0.5579792818848194,0.5465734671481608,191115645666
101.60554504394531,202.10919189453125,51.895084381103516,0.4715440273284912,0.0792209804058075,-0.8782768845558167,0.12502363324165344,-0.9919021129608154,-0.022345248609781265,-41.935306549072266,-44.75242233276367,-61.41565704345703,0.5728073497438776,0.7963358221561913,0.985377421742738,0.8441805976244136,0.6607526495165635,0.5443913296578954,0.5466241619424625,0.573092738218043,0.5476598076801658,0.5540345314769668,0.5984620841371165,0.5450313816425484,0.553656579838845,0.571296091071026,0.5487906214005022,0.5452681308380335,0.5426297414488127,0.5491498865848886,0.5776476646254333,0.6245528314258972,0.5614243200345714,0.5525645146328502,0.5416046919508164,0.5653357116256965,0.6036227004010957,0.6752864702762083,0.6077757618888284,0.5620705221728864,0.5466333776812494,191115654342
101.23848724365234,201.85325622558594,51.39359664916992,0.46913912892341614,0.07837732136249542,-0.8796393871307373,0.12363900989294052,-0.9920731782913208,-0.02245481126010418,-40.911495208740234,-28.52472496032715,-55.89472579956055,0.5724677997842429,0.7894883978819167,0.9863940457534819,0.8408428087707875,0.6691979696714075,0.5442301268340279,0.5468177375707978,0.5740002469304571,0.5479655191786876,0.5541120831533958,0.5975235179686917,0.5449008459279121,0.5538387819418708,0.571693242437418,0.5490380232263454,0.5452628412935443,0.5425542845020975,0.5489779679462649,0.5781971981779859,0.6283033603274487,0.5619453206319311,0.5537823369374534,0.5415979519570239,0.5648780595189763,0.6052577553406114,0.6863774107751486,0.6100154673868508,0.566370747418872,0.5466316937103737,191115663314
100.91999816894531,201.71527099609375,50.91432571411133,0.46672698855400085,0.07761658728122711,-0.8809889554977417,0.12198086827993393,-0.9922705888748169,-0.022798117250204086,-38.092350006103516,-16.503965377807617,-57.322410583496094,0.5720177691695867,0.7851986858470273,0.9870990031909924,0.8392796761511311,0.6746561330140701,0.5440692657937126,0.5470401298393338,0.574865715296785,0.5481466269711043,0.5541697058762243,0.596386473327483,0.5447978183133577,0.5540411113400507,0.5721015312813224,0.5492348607362899,0.5452587806582596,0.54245845060242,0.5488044102115899,0.5783874626742731,0.631117299597284,0.562124164799124,0.5548522348560034,0.541575845181134,0.5642138273869987,0.60611950795303,0.6957651884991582,0.6114416043949339,0.5705235589162693,0.5465565346581789,191115671675
100.63024139404297,201.67161560058594,50.497154235839844,0.46506184339523315,0.07784341275691986,-0.8818491101264954,0.1189543604850769,-0.9925878047943115,-0.02488553896546364,-33.2900505065918,-5.01509952545166,-47.928348541259766,0.5714987308030264,0.7841420294963865,0.9876966782630211,0.8394565428074395,0.6769728652194653,0.5439885942260186,0.5473003233527676,0.5757752373909201,0.5481930300533243,0.5543123174417507,0.5954031208726065,0.5447419803579423,0.5543637753508665,0.5727703066108563,0.549437847143719,0.5452951983152207,0.5423725646484714,0.5486965631504568,0.5785048326000077,0.6331061654790907,0.562162498076837,0.5556336312264368,0.5415527540416439,0.5633956920086683,0.6068361614616155,0.7045181263839823,0.6125960729402563,0.5745612445875977,0.5463568688898953,191115680379
100.3399429321289,201.68495178222656,50.196693420410156,0.4635234773159027,0.07877393811941147,-0.8825761675834656,0.11663602292537689,-0.9927979111671448,-0.027355223894119263,-33.44839096069336,1.5357701778411865,-34.61962127685547,0.5707528071074859,0.7852280274760726,0.9879971340729364,0.8396236239301125,0.6765992994718278,0.5438984929030806,0.5476034542842452,0.5765489543163222,0.5481234733673005,0.5543262073343049,0.5940049877888708,0.5447399284907746,0.5548281150930533,0.5736989134656432,0.5496235747010764,0.5453567084585604,0.5422921716471556,0.5487759329514739,0.5790576567305863,0.6344908535563307,0.5622082906774736,0.555867673642347,0.5415659868664195,0.5627039134477192,0.6083252807669505,0.7113537463725185,0.6134569203133688,0.5770104366604826,0.5460294710939897,191115689058
100.0846939086914,201.75479125976562,49.9730339050293,0.46273982524871826,0.08143655955791473,-0.8827456831932068,0.1148247942328453,-0.9928891658782959,-0.03140595182776451,-29.508047103881836,8.07362174987793,-25.856380462646484,0.5698902327679646,0.7889196009128793,0.9878084916182024,0.8411744763805102,0.6725106874848893,0.5438470258432189,0.5479864717454801,0.5770158604611251,0.5478932777095045,0.5540880087687615,0.5924568777862115,0.5448021758589625,0.555313751762333,0.574626720494747,0.5496854964341275,0.5454228668397024,0.5421683498484553,0.5489286986590887,0.5795532455283051,0.635790785781474,0.5620648262823754,0.5561198267472867,0.5415641934133336,0.562131225861523,0.6097383762448659,0.7181544746876887,0.6138730524494416,0.5796034814436604,0.5457201839708308,191115697708
99.825927734375,201.7865753173828,49.777889251708984,0.461818128824234,0.08289922028779984,-0.8830921649932861,0.1131882295012474,-0.9929908514022827,-0.03402338922023773,-29.870521545410156,3.66947340965271,-22.526342391967773,0.5688666303848829,0.7956178849383708,0.9868285466733429,0.8443121692175597,0.6636885204610693,0.543802797121119,0.5482159360772205,0.5769680205333247,0.5475517334800988,0.5537591769898007,0.590622568371462,0.5448743599023455,0.555689598813391,0.5752006267667595,0.5496493486654753,0.5454180582678718,0.5420844066138321,0.5491124699785899,0.5796439781317433,0.6355912511468181,0.5615832086198397,0.5559827811482942,0.5415684937773697,0.5616268496449857,0.6102473164890267,0.7224790459496954,0.6131330731453725,0.5816265017043486,0.5454079378518537,191115706371
99.60245513916016,201.71034240722656,49.54380798339844,0.4611847996711731,0.08481786400079727,-0.8832409381866455,0.1129104495048523,-0.9929383397102356,-0.036395877599716187,-25.566139221191406,-8.72133731842041,-26.779523849487305,0.5677501449988368,0.8054911936163535,0.9854425197830441,0.8499737914031703,0.6513812103209747,0.5437807413960275,0.5484441517445888,0.5768571371584443,0.5471593856151441,0.5534089763866944,0.5886086080825461,0.5449743025445836,0.5560378961274671,0.5756142540378549,0.5495391085995793,0.5453727382497403,0.5419945173623274,0.5493239605002004,0.5795412384039491,0.6348836861954611,0.5609449331552115,0.5557598976334758,0.541557635698915,0.5612313513063902,0.6098595079487305,0.7245288780452993,0.6115641483171772,0.5831625814999336,0.5451744756002298,191115715112
99.39904022216797,201.58175659179688,49.29758834838867,0.4607401490211487,0.08574026823043823,-0.8833839297294617,0.11210844665765762,-0.992972731590271,-0.037905253469944,-23.33805274963379,-14.753061294555664,-28.24929428100586,0.5666074228988679,0.8164020125423904,0.9845862921235792,0.8553354794051993,0.6399973242524349,0.543842861221295,0.5486757637220246,0.5765470995081351,0.5467583253442695,0.5529880946524006,0.5867032913586955,0.5451104084421611,0.5562876991542521,0.5757270821966062,0.5493101821788489,0.5452774437000238,0.5419188329996135,0.549509625502659,0.5786979744874411,0.6325852155729936,0.5598822942332808,0.5553460620985239,0.5415143302273361,0.5608661128509081,0.607932447631376,0.723031925977857,0.60886181441258,0.5839994288151579,0.5449822270738698,191115723828
99.18356323242188,201.44187927246094,49.06040573120117,0.46021127700805664,0.08568289130926132,-0.8836650848388672,0.11232466250658035,-0.9929530620574951,-0.03778128698468208,-25.190521240234375,-16.352262496948242,-27.727569580078125,0.5659754372001043,0.8267325806669483,0.9836230926762974,0.8610418766761826,0.6293901046178303,0.5439402210858094,0.5489450550053293,0.576443177602672,0.5464456240066745,0.5526519046191036,0.5855065174021148,0.5452573085464468,0.5565747375699416,0.57611912274733,0.5491671751295137,0.5452767459758494,0.5418420850295531,0.5496742368286237,0.5779718301390865,0.6304870539564061,0.5590450821085701,0.5549465315297741,0.5414617150010291,0.5605439754859382,0.6060720475730238,0.7191648141486077,0.6066826858299752,0.5833167131832551,0.5448477385262294,191115732382
99.00995635986328,201.23788452148438,48.859466552734375,0.4598372280597687,0.08523137867450714,-0.883903443813324,0.11265476047992706,-0.9929398894309998,-0.03713842108845711,-20.102088928222656,-23.620542526245117,-23.267810821533203,0.5663999854768622,0.8355496717012031,0.9815642841107954,0.8668240989706473,0.6185296694957966,0.5440585339598231,0.5492226552760169,0.5765504553962151,0.5461884368462844,0.5524392245682865,0.5856772684966525,0.5454014411549984,0.5567876233953746,0.5764059493355204,0.5489921285078256,0.5452818438848405,0.5417694741012195,0.5497847388108683,0.5770189888640838,0.6282507598744939,0.5581858434247242,0.5546440997985211,0.541391524379165,0.5602602419085578,0.603821921709322,0.7142286814081283,0.6044865283668068,0.5823707010428963,0.544784705258406,191115741018
98.8672866821289,201.0583038330078,48.703975677490234,0.4597775340080261,0.08456355333328247,-0.8839986324310303,0.11218070983886719,-0.9930118918418884,-0.036645352840423584,-16.262920379638672,-20.470285415649414,-17.723812103271484,0.5673480279949812,0.843557080385669,0.9789147324887193,0.871443014793159,0.6080998422922784,0.5442075817863236,0.5495385825046284,0.5766242495950256,0.5459445031530857,0.5521676282204946,0.5863764285978912,0.5455753197560016,0.5570450248448868,0.5767207214522483,0.5488213243433163,0.5452741734087518,0.5417006563363845,0.5499340033457647,0.5764047636296631,0.6261212695109886,0.5575499558817956,0.5541579659418089,0.5413271340733317,0.5600917091036526,0.6019737727229704,0.708418913484938,0.6027399223572368,0.5805639920242506,0.5447560672766869,191115749791
98.7765884399414,200.90231323242188,48.620792388916016,0.4597543179988861,0.08318343758583069,-0.8841416835784912,0.11195842921733856,-0.9930887222290039,-0.03521512821316719,-10.533821105957031,-18.11707305908203,-9.661009788513184,0.5683164342546391,0.8504023288236343,0.9765224518012133,0.8750187269981073,0.5996547221826254,0.5443232308490841,0.5498220826363317,0.5768661834759344,0.5457973617252451,0.5520068994337836,0.5870011151991784,0.5457542695274011,0.5573556751151305,0.5772525085715192,0.5487361010714781,0.5453231886645857,0.54166311234455,0.5501559295243758,0.5762621269670173,0.6246633065060585,0.5572212990932094,0.5536605401470259,0.5412928049059642,0.5601533417877954,0.6009616241164061,0.7029068943705239,0.60160528191772,0.578253124119401,0.5447622916222862,191115758401
98.71124267578125,200.818603515625,48.61575698852539,0.45992591977119446,0.08227280527353287,-0.8841376304626465,0.11239172518253326,-0.9930840134620667,-0.03394486755132675,-7.5421953201293945,-9.662577629089355,-0.5814450979232788,0.5689209616672547,0.8552231999533708,0.9750195020289496,0.8773812756831787,0.5942913450830499,0.5443922785155755,0.5500731802589575,0.5771653326346561,0.545689613258089,0.5518860647003682,0.5871252871475752,0.5459003236690847,0.5576955156555119,0.5779779649089478,0.5486807050746735,0.5454211416363128,0.5416358061272226,0.5503894913123583,0.5764313936836167,0.6240131184205641,0.5570682838144124,0.5533044221640305,0.5412748130663112,0.5602940933375983,0.6003864504697389,0.6987514594059568,0.6007104124072538,0.5764014746608336,0.5447872629217749,191115767065
98.65481567382812,200.7493438720703,48.65122985839844,0.46008896827697754,0.08135516196489334,-0.8841376900672913,0.11291956901550293,-0.9930686354637146,-0.03261732682585716,-6.371880054473877,-7.81964111328125,4.0054802894592285,0.5693076598298246,0.8581632105503678,0.9738851799864565,0.8790255524987374,0.5908528004004472,0.5444409049957925,0.550273741975413,0.5774195554714167,0.5455915338790942,0.5517891271700736,0.5870933792989421,0.5460426514094139,0.5580025721886143,0.5785705237199159,0.5486281595717518,0.5454858952730618,0.5416161865183423,0.5506189848663777,0.5766385984085629,0.6234947268302126,0.5569572477650828,0.5529820212350747,0.5412600817159091,0.5604846881756725,0.5999089697010751,0.6950833516991662,0.5999774276047452,0.5747833894140046,0.5448363614280667,191115775921
98.65923309326172,200.7449951171875,48.670066833496094,0.46017539501190186,0.08040345460176468,-0.8841797709465027,0.11327455192804337,-0.9930689930915833,-0.03135110065340996,0.5170888900756836,-0.5084930062294006,2.2030131816864014,0.5695909610206572,0.8600493060327872,0.9730482952273539,0.8805197836685869,0.5885671979679791,0.54448731642438,0.5504508256546246,0.5776656683424888,0.5455282655427945,0.5517158223347736,0.5871205813511086,0.5461616224295158,0.5582516682696215,0.579064809115614,0.548583269715602,0.5455438183458751,0.5416025589887188,0.5507940550712468,0.5767671893972002,0.6230593268183395,0.5568768607074295,0.5527435939418582,0.5412412966923046,0.5606394502931716,0.5994382223203504,0.6918620618294875,0.5995048960803685,0.5734103022604692,0.544904556843623,191115784472
98.6694564819336,200.7677459716797,48.69989013671875,0.4602966606616974,0.07936925441026688,-0.8842101097106934,0.11331569403409958,-0.9931013584136963,-0.030154461041092873,1.164265751838684,2.589899778366089,3.3960988521575928,0.5698399108408946,0.8614445525779969,0.9724082087114568,0.8817146157076889,0.5868901276214766,0.5445354423518811,0.550620782152666,0.5778488705819144,0.5454955305356769,0.5516160863871443,0.5871959350289853,0.5462689114640813,0.5584577704005693,0.5794476068896138,0.5485448454831809,0.5455842028646741,0.5415943913635103,0.5509550830320997,0.5769413051087235,0.622692529664246,0.5568603665388887,0.5525032816445535,0.5412274028457252,0.5608066454550041,0.5991325321131313,0.6889512149793944,0.5992366981444197,0.5720792730630697,0.5449651387133398,191115793254
98.69585418701172,200.79672241210938,48.749996185302734,0.46081408858299255,0.07929396629333496,-0.8839473128318787,0.11340392380952835,-0.9930969476699829,-0.029966117814183235,3.0832645893096924,3.384742259979248,5.853503704071045,0.569970520180478,0.8621095011858211,0.9720150044500846,0.8824536332021731,0.5859942780363832,0.5445850500256024,0.5507657825741341,0.5778853548454288,0.5454365638002873,0.5514665383304354,0.5871690486412299,0.5463500037243478,0.5586004464222245,0.5796592863883782,0.5484622612567579,0.5455868126707147,0.5415827059610528,0.5510548809290752,0.5771106222670673,0.6224663273986984,0.5568494587216453,0.5523092852257974,0.5412075081420623,0.5608890176019925,0.598979050002914,0.6867804907804865,0.5991796626103337,0.5710094981645736,0.5450231099685062,191115801814
98.7469253540039,200.83224487304688,48.82745361328125,0.46156731247901917,0.07955126464366913,-0.8835310935974121,0.11331138759851456,-0.9930998086929321,-0.03022136352956295,5.909233093261719,4.1098737716674805,8.961831092834473,0.5700847886018743,0.8622440222920993,0.9718286697235815,0.8824896837894515,0.5856990370847953,0.5446376959527082,0.5508871254442503,0.5779408054704791,0.5454026702701563,0.5513665225755394,0.5871934382278267,0.5464181003250627,0.5587597247675011,0.5798929335369974,0.5484188546147966,0.5455858919376486,0.5415844450775612,0.5511482130673161,0.5774445056899988,0.6224533852245586,0.556959187315016,0.5520956995475182,0.5411963489384598,0.5610254402908016,0.5992250040681617,0.6848423877130188,0.5994925815431891,0.5697458184519255,0.5450749188611885,191115810457
98.83013153076172,200.90380859375,48.91731643676758,0.4624135196208954,0.08020222932100296,-0.8830296397209167,0.1130988746881485,-0.9931008219718933,-0.03097342513501644,9.585623741149902,8.24483585357666,10.3530855178833,0.5701372707137838,0.8620043442183601,0.9718694942099496,0.8820752688712414,0.5859130683066944,0.5446848745743569,0.5510108309167251,0.5780354916380886,0.5453933331153774,0.5512821625972602,0.5871533298777016,0.5464704727509794,0.5589336597583667,0.5800924691547773,0.5484063124525901,0.5455575731847782,0.54159165498983,0.551218483219207,0.5778771920330931,0.6226516505543789,0.5571416703163585,0.5519013835240939,0.5411876043735633,0.5611062652379959,0.5998390115157747,0.6838060115816444,0.6002422861605862,0.568657466138738,0.5451142920367198,191115819137
98.95597076416016,201.03616333007812,49.09242248535156,0.46319031715393066,0.08051620423793793,-0.8825938105583191,0.112152598798275,-0.9931837320327759,-0.03174663707613945,14.511354446411133,15.261946678161621,20.192102432250977,0.5702049646814046,0.8619605930701464,0.972063809975062,0.8811727054551288,0.5861997819843774,0.5447205809257158,0.5511054678760905,0.5781302231562523,0.545424131429459,0.5512323320744548,0.5871178734507394,0.5465172247874014,0.5591097651318788,0.580271120976789,0.5484138504118068,0.5455197847856619,0.5416191857463908,0.5512957257517974,0.5783447132877629,0.6228748013542161,0.5573461191428278,0.5517000979302393,0.5411868592263496,0.5612445464443542,0.6006044482561502,0.6828260463243725,0.6010581516551148,0.5675152747284842,0.5451450940486191,191115827809
99.07577514648438,201.19644165039062,49.257686614990234,0.46396589279174805,0.08100011199712753,-0.8821420669555664,0.11033869534730911,-0.9933401346206665,-0.03317749872803688,13.737200736999512,18.378740310668945,18.950021743774414,0.5702721655503944,0.8615848779121067,0.9724258718522661,0.8796076932884852,0.5869154352512204,0.5447711945743362,0.5512012898330569,0.5781494144275175,0.5454572191619105,0.5511485747485646,0.587115616223541,0.5465726275726395,0.5592962264467866,0.5804136101766861,0.5484416902769645,0.5454647238016761,0.5416518637186002,0.5513939640479819,0.5789918254616384,0.6234892477180571,0.5576546989729125,0.5515560384986669,0.5411938699078546,0.561434428975419,0.6017818389829389,0.6827836208630625,0.6021930435582373,0.5665762181941049,0.5451705644161873,191115836530
99.17330169677734,201.34445190429688,49.43656539916992,0.4643949568271637,0.08108153194189072,-0.8819087743759155,0.1083604246377945,-0.9935203790664673,-0.03428259491920471,11.28373908996582,17.125804901123047,20.696115493774414,0.5703440424377062,0.8610970836234721,0.9729025716185787,0.877945738666089,0.5878559294294827,0.54482956797963,0.5513156277028762,0.5781762120187547,0.5455163304620918,0.5510532765152168,0.5871695138059373,0.5466453720550111,0.5594727708334973,0.5804680197124363,0.5484943734171763,0.5453892310210787,0.541684395764944,0.551525520427694,0.5796863446686723,0.6240885599793575,0.5579972960565628,0.5513890541481322,0.5412097491294073,0.5617067186154301,0.6030592544899043,0.6828242178917576,0.6033506621093007,0.565652695983973,0.5451824040943852,191115845173
99.31065368652344,201.5916748046875,49.7515754699707,0.46489229798316956,0.07561402767896652,-0.8821324706077576,0.10149982571601868,-0.9943290948867798,-0.03173983842134476,15.84261703491211,28.513671875,36.33357620239258,0.5722301770450837,0.8555994624543702,0.9724605850723422,0.8716051679184118,0.5912568237378442,0.5455764991348968,0.5515956657214379,0.5774175101071253,0.5450198009034677,0.5507846041890999,0.5910809921774579,0.5468568146805014,0.55863921139396,0.5791260729781805,0.547808087917545,0.5454449805625966,0.5418142220200236,0.5513659139468466,0.5759870119515565,0.6142661254270754,0.5563239729833346,0.5497087111392391,0.5411058738802406,0.5608257316340403,0.5963143168902889,0.6673984329793483,0.5989321990172847,0.5626676248374193,0.5450687874573985,191115853843
99.44367218017578,201.83250427246094,50.07106018066406,0.4653821885585785,0.06991032510995865,-0.8823446035385132,0.09537157416343689,-0.9950326085090637,-0.028536269441246986,15.294536590576172,27.691184997558594,36.73493957519531,0.573997334160568,0.8503122601223299,0.9720934742722547,0.8667790969473727,0.5946693896783292,0.5464109683056053,0.551898829627501,0.5762411960168765,0.544536832917047,0.5503145699634623,0.5953441567908337,0.5470586722667728,0.5577120273615013,0.5777591160028821,0.5471421158963714,0.5455769658081349,0.5419617475085123,0.5510956061880815,0.5727362306613033,0.6053158296986456,0.5550393470541388,0.5481102549171746,0.5409847233708509,0.5602390446816933,0.5884118665625686,0.6437292971657138,0.5939877099291144,0.5566675687317735,0.5450119075006157,191115862540
99.59991455078125,202.0517578125,50.3936653137207,0.46597400307655334,0.06488297879695892,-0.8824162483215332,0.08907536417245865,-0.9956809282302856,-0.02617351897060871,18.075546264648438,25.364999771118164,37.32141876220703,0.5756013650221308,0.8459750228732033,0.9720306841438877,0.863515272555033,0.597871098425073,0.5472251858927021,0.5521523555683429,0.5748056731897789,0.544081952783787,0.5497475584406509,0.5995352090972508,0.5472555480185384,0.5569114330407932,0.576583968925554,0.5465735008689723,0.5457259890885574,0.5421273334274017,0.5508733715498774,0.5702976626815003,0.5989637478203609,0.5541365033964158,0.5470709037784341,0.5408859401272511,0.5599242018463804,0.5811194579136875,0.6222233683861297,0.5892250216630109,0.5516468791654674,0.5449474506617199,191115871184
99.73464965820312,202.21340942382812,50.687747955322266,0.4664969742298126,0.06075604632496834,-0.8824337124824524,0.08351435512304306,-0.9962068200111389,-0.024439675733447075,15.57615852355957,18.68787956237793,33.997764587402344,0.576966597467925,0.8422315027548506,0.9719787764241484,0.8612956490895497,0.6006833269209194,0.5479731365788857,0.5523880092238048,0.5733753908410163,0.5436591071795005,0.5491560569520937,0.6033350812282022,0.5474515023168215,0.5562448777419479,0.5755351836021538,0.5460792252580575,0.5458506668211457,0.5422892625381285,0.5507085575473986,0.5683585265869641,0.5941992717161753,0.5533687019039598,0.5463635066317042,0.5408080250366795,0.559688593377726,0.5749697817987129,0.605860939613898,0.5847456178912439,0.5484022090619528,0.5448596856673449,191115879834
99.86842346191406,202.4083709716797,50.95957565307617,0.4669290781021118,0.05721306800842285,-0.8824419975280762,0.07908782362937927,-0.9966076612472534,-0.022767020389437675,15.253158569335938,22.23057746887207,30.995264053344727,0.5782398445540661,0.8390243173329572,0.972097717916115,0.8594900493604248,0.6033845381078379,0.5486173067301283,0.5525569589775632,0.5719013535195451,0.5433032523389447,0.548556258121041,0.6068560209319545,0.5475946692116798,0.5556369591829275,0.5746695150887902,0.5456769082302069,0.546016978460001,0.5424418833229983,0.5505550723422574,0.5669310245014634,0.5907323476243506,0.5528641322654885,0.5458549495123942,0.5407523220620726,0.5594756522697409,0.5704130225688968,0.5942741931036823,0.5809530112287292,0.5463020981455662,0.5447212836189067,191115888604
100.0140380859375,202.550048828125,51.19099807739258,0.4674232304096222,0.05429583415389061,-0.8823646903038025,0.07561109960079193,-0.9969100952148438,-0.02129015326499939,16.81333351135254,16.35869598388672,26.72014045715332,0.5792147773689826,0.8362384195761032,0.9720554744619898,0.8582747279437909,0.6055286863291355,0.5491673250818345,0.5526943453548712,0.5705654184725435,0.5429732354622435,0.5480026448552331,0.6097792505095551,0.5477342300096316,0.5551276220849385,0.5739321865087557,0.5453061997255416,0.5461760381258782,0.5425661722715527,0.5504582879055072,0.5657909079975044,0.5880385724067899,0.5523995609687065,0.545482266940811,0.5407097825246956,0.5593240434621752,0.566838097780406,0.5858997022429921,0.5777051291556974,0.5449838447336008,0.5446039872241126,191115897265
100.12745666503906,202.6544189453125,51.36956024169922,0.4677455723285675,0.05113324150443077,-0.882382869720459,0.07239867746829987,-0.9971868991851807,-0.01940794661641121,13.18635082244873,12.134611129760742,20.76036834716797,0.5800387496745494,0.8342379769921587,0.9721203352441109,0.8574228957059292,0.607247571167654,0.5496188449174407,0.5527454227135034,0.5691330148619033,0.5426696373396737,0.547439350816703,0.6123050269772212,0.5478586729797228,0.5546463171192074,0.573099083554806,0.5449647270452517,0.5462755023237261,0.5426762663406363,0.5504142767535617,0.5648663619087658,0.5857509122073087,0.5519787297642025,0.5451484365475341,0.5406850858209985,0.5592120783091092,0.5640651999280059,0.5796584146612258,0.5748852699808974,0.5440832245973279,0.5444655133014916,191115905866
100.24280548095703,202.74514770507812,51.53456115722656,0.46799173951148987,0.04865222051739693,-0.8823925852775574,0.07033456116914749,-0.9973666071891785,-0.017688393592834473,13.209549903869629,10.389581680297852,18.896387100219727,0.5807196128605514,0.8324241724523362,0.9721528821412863,0.8566229966484136,0.6087711271764946,0.5499453242706636,0.5527572429211942,0.5678694708790253,0.5424313591335054,0.5469338655993036,0.614319730531917,0.5479512263007257,0.5542513786822735,0.5724652811468196,0.5446928679392519,0.5463922238307186,0.542756406872584,0.5503787972822551,0.5641645182350616,0.5840417556981148,0.5516458114526096,0.5449045952389682,0.5406669916697303,0.5591263314851367,0.5620029814526064,0.5751387714132626,0.572626510076887,0.543465934727565,0.5443468465744278,191115914598
100.29559326171875,202.79664611816406,51.651092529296875,0.46823829412460327,0.04662094637751579,-0.8823714256286621,0.06878521293401718,-0.997499942779541,-0.016202379018068314,6.163212299346924,6.013386249542236,13.604077339172363,0.5811742201756183,0.8307183618272976,0.9720489939296696,0.8559902715962183,0.609976523255921,0.5501941239851083,0.5527369751660125,0.5667186546282302,0.5422195021950689,0.5464810685946404,0.6158635297572809,0.5480239700406543,0.553890210513333,0.5718035329824205,0.5444373593806309,0.5464611185731052,0.5428102537196524,0.5503543640805592,0.5635568537471577,0.5826215211593908,0.5513094234187644,0.5447172783461693,0.5406542254585451,0.5590556161657936,0.5604468492543193,0.5717744954299081,0.5707870795696652,0.5430210359308266,0.5442413515654033,191115923164
100.34599304199219,202.82083129882812,51.741554260253906,0.4686451554298401,0.04523110389709473,-0.8822277784347534,0.06826087087392807,-0.9975565075874329,-0.014883293770253658,5.786196231842041,2.775151014328003,10.38563060760498,0.5815075617497343,0.8296587274347327,0.9720266146781698,0.8557257111911749,0.610796997009739,0.5503656588879923,0.5526597357512387,0.565674025631359,0.5420460016071398,0.5461215628263947,0.6170757717538142,0.5480634899060962,0.5535583859678493,0.571239714760299,0.5442404837147008,0.5465471418536973,0.5428467599872278,0.5503217148033601,0.5630413206195989,0.5814130740571822,0.5510463759675813,0.5445547775375771,0.5406469614230389,0.5590462011974275,0.5592201898227579,0.5691732728620141,0.5692960371743838,0.542693708498469,0.5441724789629323,191115931874
100.3870849609375,202.81646728515625,51.80159378051758,0.46899616718292236,0.04383258521556854,-0.8821118474006653,0.06743819266557693,-0.9976291656494141,-0.013717545196413994,4.761401176452637,-0.5054666996002197,6.957411766052246,0.5817702864304781,0.8288319698253563,0.972046438682516,0.8555514303528103,0.6114945591618253,0.5505104621725299,0.5525731907363656,0.5647487769053566,0.5419013293270313,0.5458300877782327,0.6181546184093888,0.5480998995143851,0.5532892060013841,0.5707369807075049,0.5440907979414609,0.5466044133435735,0.5428817901115858,0.5502979317145715,0.5626502270904732,0.5804726125446987,0.5508778254387359,0.5444240597920476,0.5406438922998297,0.5590396682125398,0.5583399014913268,0.5673194668379852,0.5682289129439726,0.5424613174132459,0.5441041619223483,191115940504
100.45223236083984,202.82810974121094,51.83164596557617,0.4692176580429077,0.04219835624098778,-0.8820737600326538,0.06732470542192459,-0.9976599812507629,-0.01191472914069891,7.499276161193848,1.3400139808654785,3.4591329097747803,0.5818514829355078,0.8280309828358873,0.971874481421709,0.8553996661201054,0.6118509574184201,0.5506045497935536,0.5524294878157137,0.563839706654222,0.5417698806256763,0.5455982086099054,0.6189471811107945,0.5480924161883001,0.5529683970067897,0.5701105623025766,0.5439401440581051,0.5466342686222232,0.5428994309417987,0.5502481262566905,0.5622030278714184,0.579603781589219,0.550674092256524,0.5443468562954474,0.5406443311436749,0.5590723119275551,0.5575826276042858,0.5657469417788302,0.5673528448451128,0.5422711553238206,0.5440625567621775,191115949191
100.47382354736328,202.82472229003906,51.871665954589844,0.4694814682006836,0.04070374369621277,-0.8820036053657532,0.06789252161979675,-0.9976435303688049,-0.009901936165988445,2.4904723167419434,-0.3906450867652893,4.616764545440674,0.5818476938131744,0.827612404208414,0.9717173529055455,0.8556724273903275,0.6119141879563633,0.5506505201749352,0.5522549770678139,0.5630146546162361,0.5416672325595869,0.5454255686097702,0.6195537933379915,0.5480629312255254,0.5526529605068334,0.5695010239027982,0.5438179706054052,0.5466592564058916,0.5429028218779802,0.5501859712993645,0.5617996332330306,0.578935753071588,0.5505175613229623,0.5443189471236884,0.5406459346307225,0.5591303293194458,0.5570079839189519,0.5645739465416825,0.5667737188803081,0.5421337666843465,0.5440341730909447,191115957860
100.49683380126953,202.82859802246094,51.87056350708008,0.46965065598487854,0.03950716182589531,-0.8819679617881775,0.06910373270511627,-0.9975783228874207,-0.007887900806963444,2.6155357360839844,0.44185522198677063,-0.12529200315475464,0.5818318578768479,0.827540995901861,0.9716381306982528,0.8560151227044582,0.6118336178650805,0.5506331320797904,0.5520343037562682,0.562249683413514,0.5415890984002797,0.5453125879202437,0.6199480669423286,0.5480002665228962,0.5523597873882642,0.5690371808633597,0.5437407047469989,0.546723004380977,0.5428936582689938,0.5501171931829307,0.5615101096932777,0.578615110965539,0.5504466255653904,0.544356398559481,0.5406522580981489,0.5592051279175984,0.5566269981401377,0.5638382057507644,0.5664436098268889,0.5420577367216115,0.5440186114585316,191115966659
100.50215148925781,202.8023681640625,51.8800048828125,0.469851016998291,0.03857003524899483,-0.8819026947021484,0.07010453194379807,-0.9975199103355408,-0.006276988424360752,0.6163004040718079,-3.039238452911377,1.0936239957809448,0.5818491199963254,0.8277506845931126,0.9715738941580628,0.8563915864221785,0.6115742269312762,0.5505992842805358,0.5518458710517194,0.5617159351794229,0.5415489962052967,0.5452723088105129,0.620256981836531,0.5479526112250942,0.5521778898154132,0.5688150523735132,0.5437308779106509,0.5467974469767972,0.5428857755343238,0.5500871777534575,0.5614085118466786,0.5785195006608144,0.5505008510248567,0.5443757542772212,0.5406633407312182,0.559340828871832,0.5565109140109895,0.563563406136899,0.5664413821421885,0.5420208802845154,0.5440177735207835,191115975290
100.51802825927734,202.7889404296875,51.884765625,0.47003069519996643,0.03783727437257767,-0.8818386793136597,0.07155495882034302,-0.9974257946014404,-0.004657140467315912,1.8157689571380615,-1.5370889902114868,0.5448079109191895,0.5818189533402398,0.8281012457861614,0.9715446142253201,0.856853650059172,0.6112500244968929,0.550533613374054,0.5516151790938988,0.5612001613689341,0.5415184432182367,0.5452944861819063,0.6204703485889844,0.5478854049790679,0.5519533082087978,0.5685345834719598,0.5437224890283507,0.5468844418541511,0.5428700675321187,0.550044547165149,0.5612830038650136,0.5785296813495071,0.5505582425923403,0.5444489253470802,0.5406774071604343,0.5595002729723684,0.556444495625352,0.5634570587528458,0.5665476058243679,0.5420224472682882,0.5440249695443237,191115984031
100.52424621582031,202.74728393554688,51.8863410949707,0.47019633650779724,0.03737805783748627,-0.8817699551582336,0.072811558842659,-0.9973397254943848,-0.003450895892456174,0.7293577790260315,-4.881838321685791,0.18475766479969025,0.5817499939161773,0.8286307030879559,0.9715175839964092,0.8573500474598303,0.6107906814115545,0.5504477210592179,0.5514075821344722,0.5608375976225387,0.5415089948225319,0.5453509952309077,0.6205038508420044,0.5478252791707147,0.5517825859709303,0.5683765212272331,0.5437377926261802,0.5469770360064549,0.5428470676577645,0.5500128544183379,0.5612261952168234,0.5786813665477564,0.5506549374042725,0.5445382293545823,0.5406914036137505,0.5596756924243753,0.5564969886427485,0.5635904292608016,0.5668073115473644,0.5420530045530066,0.544036799036739,191115992562
100.53573608398438,202.76031494140625,51.88749694824219,0.47036200761795044,0.036996375769376755,-0.8816977143287659,0.07367193698883057,-0.9972792863845825,-0.0025442263577133417,1.3202992677688599,1.4971693754196167,0.13281391561031342,0.5816623199490162,0.8290924398293571,0.9714903088480199,0.857727268442822,0.610381447399682,0.550373695250923,0.5512405357202982,0.5605876488184129,0.5415139032151025,0.5454257273581469,0.6204864178411277,0.5477695566194118,0.5516677603477098,0.56833195103214,0.5437841219179667,0.5470670529620131,0.5428273017854688,0.5499850740674682,0.5612621106481428,0.5789401535644496,0.5508005759554662,0.5446132720310154,0.5407067062746918,0.5598125888000562,0.5566289305961721,0.5639043922768099,0.5671494818238274,0.542107293288805,0.5440450735805833,191116001265
100.5533676147461,202.7735595703125,51.875877380371094,0.47045084834098816,0.03672918304800987,-0.8816614747047424,0.07452303171157837,-0.9972177147865295,-0.001777969067916274,2.0438232421875,1.5346260070800781,-1.347176194190979,0.5815467835061041,0.8296191894884839,0.9715071997087094,0.8580695274330852,0.6099860706220798,0.550281103211536,0.5510811999331982,0.5604518511067458,0.5415378448963765,0.5455335472738251,0.6203275633845386,0.5477192551284086,0.5516085863364149,0.5684251292589648,0.543860767943785,0.5471657168549368,0.5428079696747339,0.5499815531001409,0.5614287488000057,0.5793707651087415,0.5510186696220927,0.5446799483207896,0.5407254325369166,0.5599679650949377,0.5569036735425308,0.5643878021230136,0.56762191260247,0.5421533648474998,0.5440476864552956,191116009891
100.57540893554688,202.76246643066406,51.86436080932617,0.4704992175102234,0.03675223886966705,-0.8816347122192383,0.07577978074550629,-0.9971239566802979,-0.0011254195123910904,2.547818422317505,-1.282602071762085,-1.3310824632644653,0.5814747002910514,0.830082523933194,0.9715027276246087,0.8581490825247045,0.6096247901220154,0.5501665310923995,0.5509470467747352,0.5604132515749026,0.5415757737264704,0.5456234763255993,0.62001790803953,0.5476817540723167,0.5516475951045525,0.5686820704781004,0.5439731761236198,0.5472369597222859,0.5427874408590958,0.5500121859574815,0.5617291859083254,0.5799764535651185,0.55125681557106,0.5447397677025771,0.5407453437234296,0.5601089667874429,0.5573064182233479,0.5650766369557294,0.5681097513984408,0.5422123442085905,0.544044373868622,191116018542
100.58024597167969,202.71226501464844,51.847049713134766,0.4702048897743225,0.03569984436035156,-0.8818349242210388,0.07645556330680847,-0.9970729351043701,0.00040192599408328533,0.5474819540977478,-5.682962417602539,-1.9602540731430054,0.5814043407971797,0.8302246124366498,0.9712718790254642,0.8579365316941391,0.6091798899912391,0.5500591511988708,0.5508320464468069,0.5603605038099146,0.5416057580595905,0.5456734861485936,0.6197031216594223,0.5476620812171429,0.5517127518665986,0.5688318355846782,0.5440894958510705,0.5472258906423968,0.542773302278229,0.5500740909022364,0.5620540202373927,0.580381857630901,0.5514880479499081,0.544713089792459,0.5407691817109691,0.5602465104701619,0.5577390207282997,0.5656982243095457,0.5685346724209879,0.5422347398868309,0.5440228418757926,191116027374
100.59380340576172,202.64053344726562,51.81770706176758,0.4696812629699707,0.0337698794901371,-0.882189929485321,0.07685831934213638,-0.9970382452011108,0.002753432607278228,1.590089201927185,-8.41476821899414,-3.441885471343994,0.5813114263339667,0.8300785492987978,0.9708013205786303,0.8576274072239143,0.6086001880592591,0.5499784697197302,0.5507508437144712,0.5602964405887509,0.5416266316246895,0.5456852081682662,0.6194461549443144,0.5476313383081491,0.5517112464262401,0.5687125235556979,0.5441597064221654,0.5471359325081625,0.5427598340929091,0.5500876016431989,0.5621874089784314,0.5806365045938902,0.5515865739631866,0.5447340469738838,0.5407857721566109,0.5602789192757706,0.557985265771959,0.5660837751737072,0.5687853604708736,0.54225410038758,0.543998286212678,191116035899
100.59039306640625,202.52349853515625,51.80559158325195,0.46891695261001587,0.031124001368880272,-0.8826937079429626,0.0771440863609314,-0.997002899646759,0.005826988723129034,-0.3908197283744812,-13.421072959899902,-1.3892743587493896,0.5812959800470152,0.8296605055048214,0.9701684538110498,0.8569169386957326,0.6080230067508873,0.5498865151074068,0.5506504049948273,0.5600735670917925,0.5416260257062498,0.5456150652880122,0.6192070047807366,0.5476098010988043,0.5517411397060532,0.5685568479555743,0.5442376837870804,0.5469932357253758,0.5427576362567772,0.5501345493192021,0.562425006099114,0.5807334605421948,0.5517238987737567,0.5446371768109733,0.5408123071890101,0.5602544792768844,0.5583253834987242,0.5664713534617076,0.5689970146560497,0.5422248474836234,0.5439417595998102,191116044619
100.60646057128906,202.40733337402344,51.816383361816406,0.46816927194595337,0.02845117636024952,-0.8831806182861328,0.07813841849565506,-0.9968990683555603,0.009306197054684162,1.856075644493103,-13.422306060791016,1.2465415000915527,0.5814065350346246,0.829491306772161,0.9695351601714272,0.8560135063221476,0.6073077360469464,0.5497648115806245,0.5505059068119355,0.559783308513664,0.5416209264600745,0.5455598577373709,0.6189960388120412,0.5475611440993321,0.551726869638782,0.5683534738242397,0.544307189520432,0.5468619974967632,0.5427585940042862,0.5501832793974445,0.562748472316335,0.580983546023011,0.5519002437687374,0.5445505769641816,0.5408494104278209,0.560230261053237,0.558811116167362,0.566959864205925,0.5693026623516292,0.5421615697091001,0.5438773829890805,191116053274
100.61328887939453,202.24708557128906,51.807373046875,0.4671327471733093,0.025055961683392525,-0.8838320970535278,0.07877475023269653,-0.9968026876449585,0.01337631419301033,0.7919849753379822,-18.58599281311035,-1.0449472665786743,0.5814736074197714,0.8289959713627708,0.9686095602140803,0.854933406873207,0.6064336916804784,0.5496828678757526,0.5504294667700328,0.5594517719216185,0.5415676208824254,0.5453989910792206,0.6187380909194572,0.5475773361608378,0.5517370478430438,0.5678622321071343,0.544303777230885,0.5465814925574499,0.5427628467058401,0.5502761706353162,0.5629043719811048,0.5809210146095721,0.551841878786825,0.5444533617923368,0.5408813585475963,0.5601235713387808,0.5591953375309532,0.5672725679196414,0.5693502159322784,0.5420873200808066,0.5437834078080912,191116061896
100.6001205444336,202.060302734375,51.80670166015625,0.46576157212257385,0.021021824330091476,-0.884660542011261,0.07939565926790237,-0.9966785311698914,0.018117059022188187,-1.504847526550293,-21.351247787475586,-0.07675381749868393,0.5813967789290851,0.8278597574972364,0.9671255202412266,0.8533022708486167,0.605280424453372,0.5496006580663937,0.5503813383256476,0.5590565357369601,0.5414729969842738,0.5451550961657848,0.6181468040330063,0.5475868148963093,0.5517572298806918,0.5673324636710403,0.5442553866239999,0.5462666628881632,0.5427635127846132,0.5503574253357644,0.5631164246939194,0.5808451748244974,0.5517300112313209,0.5443161163454492,0.5409085927294391,0.5598748238175346,0.5595530157944779,0.5675523466675331,0.5692636157693638,0.5420090231457441,0.5436795654817325,191116070644
100.5672607421875,201.8019256591797,51.77671813964844,0.4638933837413788,0.015963444486260414,-0.8857471942901611,0.07875581085681915,-0.9966219663619995,0.02328517660498619,-3.8047890663146973,-29.91783332824707,-3.4720146656036377,0.5811028182365445,0.8263485490810563,0.9652340248096356,0.8514001616357358,0.603879925022081,0.549543714819935,0.5504088597875559,0.5587134293615749,0.5413522877769451,0.5448263133385076,0.6171466212052666,0.5476386006236431,0.5518786951179077,0.5667859291857815,0.5441806854093215,0.5458528630915085,0.5427606182217611,0.5504224169438516,0.5633252111522165,0.5808143904123211,0.5515199082598291,0.5441939836730997,0.5409161202020469,0.5594676931938116,0.5599904748898531,0.5680421752359,0.5692876212937197,0.5419543518320696,0.543565953420955,191116079280
100.52367401123047,201.4869384765625,51.762367248535156,0.46176260709762573,0.009213564917445183,-0.8869556784629822,0.07676117867231369,-0.9966097474098206,0.029610401019454002,-5.049712181091309,-36.491886138916016,-1.6622703075408936,0.5806543046354523,0.8243441424321679,0.9627104403483354,0.849246735854449,0.6020905976594061,0.5494621713532376,0.5503906237694601,0.5581518457671766,0.5411994270028786,0.5444007139859395,0.6158545150206485,0.5476928252880015,0.5518851558878931,0.5658954822280081,0.5440000237613205,0.5453908325380569,0.5427248680640293,0.5504655353932693,0.5632443725896547,0.5804345973749222,0.5510500425284373,0.5440995974578318,0.5409133069892281,0.5590038064681224,0.5601458341567701,0.5682920501209557,0.5689971080146285,0.5419462779609738,0.5434779462709365,191116087912
100.48431396484375,201.1160125732422,51.7529411315918,0.4599532186985016,0.001972356578335166,-0.8879409432411194,0.0731271505355835,-0.9966846704483032,0.03566594049334526,-4.5256667137146,-42.64932632446289,-1.083881139755249,0.5799701474576429,0.822048338724445,0.9597036417277284,0.8473713979840719,0.599996230073687,0.5494772260501194,0.5504741084839017,0.5576887316295508,0.5410548512248564,0.5439523937885894,0.6145108277461797,0.5477884854053051,0.5518725613528768,0.5648484070715539,0.5437610221182125,0.5448964259364018,0.5426570490947429,0.5504295336943168,0.5628947731433747,0.5799478969043173,0.550461200962972,0.5440996271039878,0.5408809788814233,0.5585097679987984,0.5600128631700015,0.5684479371194976,0.5686925795848348,0.5420233056739864,0.5434430673098736,191116096609
100.42044830322266,200.6886444091797,51.77663040161133,0.4584726095199585,-0.005863542202860117,-0.8886892199516296,0.06925982981920242,-0.9967011213302612,0.04230717942118645,-7.373137950897217,-49.33882522583008,2.734832286834717,0.5790725197099583,0.8200285000183769,0.956318530493373,0.8460592443210826,0.5973911021395866,0.5495368522027275,0.5505885021631459,0.557283600532737,0.5409437676412592,0.543528307631413,0.6130795410362467,0.5479031105345973,0.5518060922079843,0.5636603977716192,0.5435289633911444,0.5444034336212533,0.542561834135016,0.5503548020145426,0.5623593395636356,0.5790840266177825,0.5498680453288569,0.5440598881061623,0.540834883772166,0.5581690201411447,0.5596794570097262,0.5683996648440134,0.5684260300477113,0.5421290753243051,0.5434742228166298,191116105271
100.31464385986328,200.1697998046875,51.780517578125,0.45683345198631287,-0.01475525926798582,-0.8894298672676086,0.0641595795750618,-0.996711790561676,0.049488987773656845,-11.9549560546875,-58.62598419189453,0.43928810954093933,0.5779173122386481,0.8184443783621829,0.9523788053062627,0.8452085286312689,0.5940488852309262,0.5497683339172742,0.5508111453695941,0.556879680360891,0.5408334250873031,0.5431011342488132,0.6118941569916881,0.5480432660753328,0.5515934685870166,0.5621839317371697,0.5432181333210732,0.5439324812174944,0.5424592132309042,0.5502230597491153,0.5615598824171872,0.5778803939423244,0.5492229520231667,0.5440370248990343,0.5407793496087661,0.5579542658374192,0.5591585540907078,0.5681760181655363,0.5682911207915722,0.5422664581552838,0.5435486213968076,191116114121
100.19857025146484,199.5501251220703,51.67888259887695,0.45661529898643494,-0.019572749733924866,-0.8894489407539368,0.06395728886127472,-0.9964490532875061,0.05476101115345955,-13.654619216918945,-72.8936767578125,-11.955796241760254,0.5757567776712407,0.8178968418609441,0.9519626772977434,0.8457563407820111,0.5936016783318772,0.5491100559670792,0.5504690900940585,0.5568662730426004,0.5412063613203829,0.5429653556140919,0.6092267419649121,0.548245987479825,0.5524372026502581,0.5646461959460884,0.5443964890123092,0.5444544478709452,0.5422168358554209,0.551102056048499,0.56393368194468,0.5814017451607368,0.5508892700773548,0.5441914062394886,0.5410593161018102,0.5605210957464885,0.562657473338195,0.5742272429478469,0.5732453940407886,0.5428966253846567,0.5439535759721928,191116122622
100.12492370605469,198.93922424316406,51.60553741455078,0.45662811398506165,-0.025388682261109352,-0.8892953395843506,0.06341379880905151,-0.996121346950531,0.06099968031048775,-8.449531555175781,-70.090087890625,-8.415106773376465,0.5739820741581705,0.8165999900382198,0.9517016041418568,0.8475765986542517,0.5938212987572867,0.5487166140366517,0.5501039137968295,0.5567210880389182,0.5415313556603111,0.5430345783497849,0.607707073906631,0.5485109243523395,0.553146001256783,0.5670352587282007,0.5456539590698514,0.5450815073900164,0.5420575409272482,0.5518636843226109,0.5662032023629072,0.585691012237796,0.5526324816498532,0.5446731688474057,0.5413355681993809,0.5629768651433501,0.5674148143833458,0.5837598547121473,0.5794657408179879,0.5441792104050364,0.5443983211488215,191116131338
100.06708526611328,198.34344482421875,51.56864547729492,0.4569697678089142,-0.031780797988176346,-0.8889142870903015,0.06291810423135757,-0.9957032799720764,0.06794346123933792,-6.621962070465088,-68.21389770507812,-4.223830699920654,0.5725843082851663,0.8157087791705863,0.9516416221118101,0.8503291332307563,0.5940159139558605,0.5484841752669427,0.5496741458240904,0.5564372911328805,0.5417946937175845,0.5432137869730929,0.6069908941295369,0.5487274553528685,0.5535484422787478,0.568870522518255,0.5468510054149786,0.5456872806479428,0.5419731739400098,0.5524372173808066,0.5678959231522648,0.5895132881903502,0.5541409297720526,0.5452755361742638,0.5416101882577343,0.5650174555348006,0.5728014976041393,0.5972161584558823,0.5852930376432627,0.5467438875677593,0.5447861357195338,191116140072
99.99524688720703,197.80770874023438,51.57279586791992,0.45751890540122986,-0.03827526047825813,-0.8883757591247559,0.062872976064682,-0.995180070400238,0.0752568393945694,-8.414535522460938,-62.74715042114258,0.4860072731971741,0.5715603518782968,0.8152459026682807,0.9518588984781621,0.8536270359719633,0.5942577973372192,0.5483650025303894,0.5491922732947986,0.5560467196741107,0.5420234050121591,0.543462083853525,0.6067819187496714,0.5488891203350874,0.5536673610598858,0.5703419499296947,0.5479454652818992,0.5463504295533118,0.5419413053367983,0.5528034490761851,0.569005621824248,0.5930075557105082,0.5554099001018731,0.5460635000683957,0.5418518227066783,0.5665172243982525,0.5783262283244825,0.6146854984946293,0.590201347846782,0.5511709973947746,0.5450786643331198,191116148610
99.92925262451172,197.3109130859375,51.59775161743164,0.4585834741592407,-0.04396532103419304,-0.8875631093978882,0.06285861879587173,-0.9946687817573547,0.08174839615821838,-7.583674430847168,-57.090301513671875,2.8679544925689697,0.5708954805008256,0.8143343804653513,0.9522107517919808,0.8562732994985006,0.5949930586775938,0.5483510665483952,0.5487472776991674,0.5556137780166034,0.5422221331739611,0.5437202061220462,0.6069333591025766,0.5490831394880412,0.5536515423281276,0.5714999101253467,0.5488860716244459,0.5470003848692983,0.5419476402483999,0.5530988513748253,0.5697806196263565,0.5961361995223273,0.556492147886097,0.5469172140690814,0.5420675210265543,0.5677459327963745,0.5842566656858431,0.6361187361223175,0.5941925165749865,0.5576446340044086,0.5452684903240973,191116157312
99.848388671875,196.84178161621094,51.62538146972656,0.4599379599094391,-0.048777054995298386,-0.8866103291511536,0.0630616694688797,-0.9941745400428772,0.08740859478712082,-9.330588340759277,-54.13368225097656,3.1884591579437256,0.5704587389879512,0.8130268559603491,0.9527789289051461,0.8586629571996381,0.596244478936337,0.5484226242976644,0.5483484594526181,0.5551947877355842,0.5423850333187002,0.5440092972365089,0.60727269329821,0.5493159907398215,0.5535139047480603,0.5724511965738378,0.5496479272011373,0.5476982177712035,0.5419911687720005,0.5533569556595256,0.570298243381493,0.5988603683081575,0.557405652330391,0.5477855728864701,0.5422526194914793,0.5686978041479743,0.5892197369429165,0.6585963960791216,0.5972955590953937,0.5659707687122983,0.5453626249395725,191116165978
99.59579467773438,196.13356018066406,51.60591506958008,0.462034672498703,-0.051814936101436615,-0.8853468894958496,0.06220371648669243,-0.9939398765563965,0.09063249826431274,-28.87845802307129,-80.96881866455078,-2.2255125045776367,0.5703322501304025,0.813153886637595,0.9545688417665636,0.864543889876916,0.5977909151605381,0.5483717725478959,0.5478655652765084,0.5547555238638997,0.542820103871558,0.5442274313085173,0.6075316995495179,0.5493533159290999,0.5535602881436957,0.5736954460764161,0.5505419050625145,0.5482559245532415,0.5421243050893783,0.5534332504548106,0.5710548310750206,0.6012722487598222,0.5588227859690045,0.5483226151250735,0.5423795880450347,0.5697835231705255,0.5939129113953755,0.6806707612992529,0.6019526982267442,0.5747806769118096,0.5456530759825877,191116174725
99.48284912109375,195.7659149169922,51.672698974609375,0.46250006556510925,-0.05683821812272072,-0.8847954869270325,0.06114870682358742,-0.9935219287872314,0.09578631073236465,-13.06488037109375,-42.52653884887695,7.724844932556152,0.5704664944401454,0.8114520829834664,0.9552478331013364,0.8675520458839833,0.5994902487233086,0.5486401772486856,0.5476393686332484,0.5544254870914637,0.5429794434326777,0.544454874478088,0.6085089001626337,0.5496125077110363,0.5533572244284742,0.5740589441821725,0.5510086229521668,0.5487429523220335,0.5421985186392654,0.5535428749275971,0.5708002327395443,0.6023404664307245,0.5592368130318368,0.5489979963928415,0.5424531377730777,0.5703527540003315,0.5964691355762356,0.6984171283730514,0.6041715193425543,0.5835379202943223,0.5457302849813674,191116183370
99.42699432373047,195.56028747558594,51.73521041870117,0.4628430902957916,-0.06086853891611099,-0.8843479156494141,0.06050294265151024,-0.9931439757347107,0.10002238303422928,-6.3000311851501465,-23.195354461669922,7.051705360412598,0.5707228798716563,0.8094910942665707,0.9559467094088144,0.8698965505688147,0.6014376209065072,0.548878611474408,0.5474598769357182,0.5541251561242087,0.543052056500383,0.5446531235223221,0.6093770757205308,0.5498794752092369,0.5531338569178554,0.5742643519254828,0.5512462074157648,0.5492081161470332,0.5422420837657421,0.5536696512061325,0.5703330415222977,0.6029717624064194,0.5593438181178081,0.5496611505591172,0.5424919153640182,0.5708033214858548,0.5981514774555755,0.7140211753588777,0.6056392606574538,0.5923005283765086,0.5457649209305754,191116192235
99.38495635986328,195.4068603515625,51.77690124511719,0.4630974233150482,-0.06436203420162201,-0.883967399597168,0.06065169721841812,-0.9927204847335815,0.10405492037534714,-4.980079174041748,-18.174121856689453,4.938381671905518,0.5711794770888532,0.8076004453066382,0.9567162559897914,0.8717479641148576,0.6034968719800723,0.5490714864804587,0.5472807487137197,0.5537236196418961,0.543038390754053,0.5448074197345488,0.610305001126614,0.5500825942821862,0.5527831308870017,0.5740365079671811,0.5512183328238397,0.5495830811604503,0.5422766496635348,0.5537507891393525,0.5695473987825844,0.602813002235953,0.5590696188863585,0.5502187317371096,0.5425109153158817,0.5710579201917247,0.5984074142609225,0.7251801588732922,0.6056961783705516,0.6000288228139316,0.5457533141960494,191116200677
99.32893371582031,195.2708282470703,51.80387878417969,0.46333184838294983,-0.06692272424697876,-0.8836542963981628,0.06062342971563339,-0.9924148321151733,0.10694665461778641,-6.35496711730957,-15.432117462158203,3.0604259967803955,0.5716631617167962,0.8052853756639831,0.957462288522172,0.8731876670179982,0.6058554748743281,0.5492682482147585,0.5471652035906744,0.5533157093331752,0.5429758519123866,0.5449090654564873,0.611207924909031,0.5502966453389774,0.5524483504930121,0.5736270785186645,0.5510481057313729,0.5498793149048943,0.5422958226128824,0.5538317258092497,0.5686817344521015,0.602252907400554,0.5586541430895525,0.5506791212592755,0.5425079362709617,0.5713071138938894,0.5980697922751541,0.7328591281219535,0.6054677196261042,0.6062378035864194,0.5457508966847598,191116209492
99.28044128417969,195.24424743652344,51.832733154296875,0.4635748565196991,-0.06810770183801651,-0.8834363222122192,0.06030125543475151,-0.992304801940918,0.10814332962036133,-5.64120626449585,-3.091691017150879,3.3564388751983643,0.5719816880347687,0.8031547198783138,0.9582121077411555,0.8740235479710464,0.6081323014475434,0.5494062258887746,0.5471066563109928,0.5530896736318444,0.5429384615797592,0.544995249953004,0.6117364920372483,0.5504411105647958,0.5522372570841743,0.5734315685124517,0.5509042957106124,0.5501307436295395,0.5422990940564015,0.5538568532876513,0.5680513136654852,0.6018923778414419,0.5583398196614128,0.5510425653423908,0.5424882421405717,0.5714113574603912,0.5976887100499797,0.7379534997399253,0.6055728883543735,0.6105816928266973,0.5457512755150812,191116218089
99.29674530029297,195.32667541503906,51.841548919677734,0.46363669633865356,-0.0687265694141388,-0.8833559155464172,0.05952450633049011,-0.9923186302185059,0.10844598710536957,1.8629151582717896,9.416890144348145,1.0069063901901245,0.5723831456882698,0.8008736461811514,0.9588908702983773,0.8742378327760847,0.6105108665885327,0.5495565096751133,0.5471134415036836,0.5528773613054382,0.5428697657287492,0.5450250204466682,0.612472957133386,0.5505784217841322,0.5520401696303963,0.5730576314321297,0.550692445945837,0.5502731247431686,0.5422902714573478,0.5538953593883947,0.5675468187817445,0.6014732453253891,0.5580293584210594,0.5512875182285322,0.5424757801514669,0.5714535847623673,0.5970889674336564,0.7403920162341197,0.6052761781717789,0.6132730158495614,0.5457191024629068,191116226843
99.27346801757812,195.36187744140625,51.83661651611328,0.46348485350608826,-0.06951825320720673,-0.8833736777305603,0.0577082559466362,-0.9924332499504089,0.10837897658348083,-2.690504312515259,4.068501949310303,-0.5700218081474304,0.5728553794706028,0.7985376519959136,0.9593911313614045,0.8741751054460815,0.6127725513504513,0.5497465937026784,0.5472095578641948,0.5527315960451827,0.5427948137487998,0.544988924511047,0.6134784196196681,0.5507200683179316,0.5518974196044705,0.5725779961808153,0.550437420879189,0.5503000553589704,0.5422697136821694,0.5539353607491881,0.5671176852255929,0.6008609374687633,0.5577209142296751,0.5513774126802914,0.5424633004928819,0.5714369143640251,0.5961797447120063,0.7396152149730211,0.6047996189537236,0.613893579102201,0.5456782730155578,191116235495
99.24971008300781,195.4385528564453,51.852848052978516,0.46350106596946716,-0.06977642327547073,-0.8833447694778442,0.05568680539727211,-0.9926303625106812,0.10762852430343628,-2.787339210510254,8.9954833984375,1.9043012857437134,0.5734005128340025,0.7962119463105604,0.9597168237904441,0.8742665957949465,0.6148379220601564,0.5499217058850826,0.5473568898832017,0.5526417576978001,0.5427105748849596,0.5448852914502733,0.6145975572592834,0.5508609229557209,0.5518133527703729,0.5720313889965607,0.5501584924701958,0.5502177555302483,0.5422322915047315,0.5539724145833433,0.5667428404954301,0.6000619306963927,0.5573947915267523,0.5513283191491009,0.5424371110651446,0.5714346876811401,0.595256881400037,0.7364202731030531,0.6043953918296113,0.6126628662818733,0.5456632263870077,191116244019
99.2126693725586,195.54794311523438,51.87380599975586,0.4636496305465698,-0.06902392953634262,-0.8833259344100952,0.05417570099234581,-0.9928869009017944,0.1060214564204216,-4.210277080535889,12.434192657470703,2.3825302124023438,0.5738196647932615,0.794275014440807,0.9600791254758865,0.8745440792700662,0.616664326992717,0.550054619645992,0.5475252387402588,0.5526189697939503,0.5426198111579198,0.54475888205019,0.6154659903311862,0.5509746674955811,0.5517789737810805,0.5714758141514784,0.5498740464200207,0.5500499988506782,0.5421923250067059,0.5539921788323875,0.5664420437857194,0.5992493334432276,0.5570411601027249,0.5512016021400522,0.5423979757050432,0.5713715081760279,0.5943310914326426,0.7323073109713535,0.603925236717534,0.610715840604861,0.5456591227188496,191116252816
99.19086456298828,195.70272827148438,51.87639236450195,0.46379274129867554,-0.06776926666498184,-0.8833479881286621,0.053290024399757385,-0.9931306838989258,0.104171022772789,-2.5423123836517334,18.045793533325195,0.3015128970146179,0.5743487584641556,0.7922631171647265,0.96055042994124,0.8748790777347147,0.6187147819979172,0.5501990486347641,0.5477108828970816,0.5526448915012994,0.5425162790156404,0.5446765104805664,0.6165382820397276,0.5510609529732035,0.5517067160199163,0.5707497133706808,0.5495481666384082,0.5498143255106076,0.5421398443848253,0.5539664172327785,0.5659623395092658,0.5979736219204096,0.5566074782490934,0.5509829310151868,0.542341659197596,0.571268804562959,0.5930192788724891,0.7267938156560214,0.6033358575223402,0.6082006686105169,0.545680050491606,191116261393
99.14871978759766,195.86680603027344,51.841163635253906,0.4639450013637543,-0.0655987411737442,-0.8834318518638611,0.05285579338669777,-0.9934279322624207,0.10152430087327957,-4.86310338973999,18.93207359313965,-4.064859390258789,0.5748917937360525,0.7894572599028348,0.9611954417073026,0.8749867715040868,0.6215780406377972,0.5502962465390443,0.5479129509515985,0.552631956515858,0.5423561412232893,0.5445396927241654,0.6175217147452154,0.5511453367774248,0.5516286967221743,0.5699297566541577,0.5491363002907813,0.54954891502428,0.542066533090999,0.5539223019859233,0.5654247805514583,0.5964530565304282,0.5560252875656614,0.5506905599407677,0.5422727986302318,0.570972334747225,0.5912413490822154,0.7203894482176608,0.6022855877506821,0.6055965581298685,0.5456757826482823,191116270060
99.15550231933594,196.15884399414062,51.58269500732422,0.4628085494041443,-0.06001890078186989,-0.884424090385437,0.057337675243616104,-0.9935892224311829,0.09743119776248932,0.7828688621520996,33.6726188659668,-29.80133628845215,0.5751506349879878,0.7886036157249846,0.9634534925154183,0.8748491087145455,0.6252812690929973,0.5497625440878229,0.5474366828906625,0.5523726221142552,0.5423254746946089,0.5449433508514003,0.6166056073928283,0.5505800249431665,0.5511901711223285,0.5676391461100195,0.548042120280272,0.548541954611317,0.5419891963056922,0.5536354631746556,0.5660576169018932,0.5976299831907577,0.5560076621808833,0.5506166935437791,0.5422322415730461,0.5702787012421644,0.5904259264299194,0.6945004507615122,0.6024621028483873,0.587525725559106,0.5453716894568412,191116278733
99.1219482421875,196.41465759277344,51.4916877746582,0.4625214636325836,-0.05667315050959587,-0.8847949504852295,0.055580612272024155,-0.9941386580467224,0.09273131191730499,-3.864818572998047,29.4600772857666,-10.481341361999512,0.5752816255590354,0.7866005425335483,0.9638696821592958,0.8742200927799681,0.6273446468830939,0.5499144678548791,0.5476599280250282,0.5525570302179434,0.5422251253139675,0.5449468759749496,0.61734287617096,0.5507155780815219,0.5512738414106804,0.567177129474018,0.547880700236695,0.5482610861831865,0.541915139735051,0.5535971126583106,0.5657560164929613,0.5963895014538703,0.5556412473659919,0.5502512946696451,0.5421744278278183,0.5701246101190117,0.5907134677451278,0.6910560984830003,0.6041430118186326,0.5845445229758741,0.5454785893288459,191116287416
99.13543701171875,196.73585510253906,51.16745376586914,0.46091121435165405,-0.051146265119314194,-0.885971188545227,0.05806970223784447,-0.9944600462913513,0.08761898428201675,1.5492446422576904,36.899566650390625,-37.246971130371094,0.5752004834213562,0.7863463717039642,0.9659703645920082,0.8740901051356028,0.6305139300061482,0.5496242556398777,0.54762866772208,0.552695486140193,0.5423349363274887,0.5447177452032019,0.6166593941001617,0.5503317853976706,0.5511765532590435,0.5656483585562344,0.5471294620955047,0.5473330606728981,0.541859749788945,0.5534598885714415,0.5667986927114963,0.5979474756183728,0.555876362251376,0.5500726596005151,0.542148634351755,0.5692864052936278,0.5905392161313319,0.6741062235439542,0.6040313095664054,0.5735169274399184,0.5450717418533155,191116296121
99.18428802490234,197.07142639160156,50.84506607055664,0.45914730429649353,-0.04531080648303032,-0.8872038722038269,0.06028709188103676,-0.9948067665100098,0.08200612664222717,5.678127288818359,39.000648498535156,-37.46947479248047,0.574894844241038,0.7879207990909827,0.9676262600903532,0.8747155616662575,0.6317060039265535,0.5492780994463115,0.5476779529858746,0.5529611113499167,0.5424882827497635,0.5443067025623775,0.6155578472447575,0.5499420352701098,0.5512051519986018,0.5646688722301869,0.5466429470438209,0.5465369413633611,0.5418250186074358,0.5533811283208708,0.5683559149824781,0.600535299413406,0.5564481396552399,0.5499994421335317,0.5421643624054435,0.5684210660649545,0.5914780341882333,0.6633442271220663,0.6044843627999842,0.5660232922479402,0.5446715871908722,191116304725
99.25482940673828,197.43301391601562,50.54664993286133,0.45707568526268005,-0.04035310447216034,-0.8885119557380676,0.06312237679958344,-0.9949796199798584,0.07766042649745941,8.052743911743164,41.27721405029297,-34.06546401977539,0.5739558238105464,0.7907121716790892,0.9692944421878259,0.8745042238472588,0.632035219991433,0.5489547866955999,0.5477082604187404,0.5532064984603957,0.5427045004352965,0.5439679233813626,0.613616731939713,0.5495767884141473,0.5512371245063773,0.5640682447247793,0.546353125935385,0.5459622464294768,0.5418187635377729,0.553301998113126,0.5699509366992384,0.6034070441053656,0.5571819986843274,0.5500520274314619,0.542198659998502,0.5677128601122712,0.5927030340055138,0.6564058145535818,0.6049366644074169,0.5610698268651141,0.5443236343521444,191116313485
99.33374786376953,197.78158569335938,50.328617095947266,0.45560598373413086,-0.03532455861568451,-0.8894804120063782,0.06661838293075562,-0.9950573444366455,0.07364039868116379,9.160131454467773,40.4605712890625,-25.30879020690918,0.5728831366712537,0.7944024443796189,0.9707353457793519,0.8743968880644117,0.631373742704349,0.5486218823557186,0.5477320034500921,0.5535095884508824,0.5429365047788149,0.5437390478343274,0.6114400443711089,0.5492576732915114,0.5513409880519687,0.5639054254943634,0.5462152702582173,0.5455849984013721,0.5418181915651655,0.5532821683367164,0.5716495406142701,0.6063589869086087,0.5580552651534785,0.5501018027485467,0.542236079960452,0.5672706848306773,0.5942618295820727,0.6522024933485618,0.6054142429455693,0.5577082941260106,0.5440575717062061,191116322100
99.3763656616211,198.07345581054688,50.35028839111328,0.45577165484428406,-0.033512357622385025,-0.8894656300544739,0.0657738447189331,-0.9952908754348755,0.07120274752378464,4.821095943450928,33.01308822631836,2.4514060020446777,0.5716810204128904,0.7961188605739995,0.9705914743601525,0.8728419422889205,0.6297653374087528,0.5489948746073963,0.5479157111115647,0.5538968697919401,0.5428313001087262,0.5440796675940612,0.6109130377845212,0.5494774339573169,0.5515206165480908,0.564787425404528,0.5465945321374592,0.5459634824389046,0.5418298550052272,0.5534914016512473,0.5716580965137381,0.6063118017178013,0.5578647377842431,0.5501401801751565,0.5423109761199385,0.5677881521148186,0.5969099976630697,0.6583625420875803,0.6085072534402337,0.5588439190154303,0.5443243361744574,191116330941
99.41900634765625,198.28311157226562,50.36955642700195,0.4564896523952484,-0.0329534150660038,-0.8891182541847229,0.0650269091129303,-0.9954056143760681,0.07027876377105713,5.009747505187988,24.63357925415039,2.2638332843780518,0.5706318459620903,0.797375746503966,0.9703943917230972,0.8711374641389859,0.6284536581867002,0.5494907765017213,0.5481682972042698,0.5541617615636776,0.5426464853786669,0.5444151550028606,0.6108178655629551,0.5497770679131952,0.5516218577686683,0.5654802885824985,0.5468644470644085,0.5463890169033487,0.5418382224603365,0.5537124345671804,0.5711752609202692,0.60552367546249,0.557465964950866,0.5502189818540403,0.5423619583655086,0.5681972652159043,0.5978014063227639,0.6665169603972858,0.6093078184392133,0.5623881101986558,0.5444946564703316,191116339452
99.47356414794922,198.50634765625,50.39585876464844,0.45720335841178894,-0.03321850672364235,-0.8887416124343872,0.0643400028347969,-0.9954483509063721,0.07030589133501053,6.319696426391602,25.858692169189453,3.046869993209839,0.569740369590049,0.7985643826022576,0.9701742051869167,0.8697189584280011,0.6271691793154953,0.5499795599625995,0.5484509029408507,0.5544053669288536,0.54253527571109,0.5446408942947346,0.6108302831374788,0.5500593633602947,0.5517114212237345,0.5661356805439296,0.5471809628960682,0.5467890708252509,0.5418529156047068,0.5539036178778638,0.5707132839967766,0.604539176802886,0.5572599140809673,0.5501871717754857,0.5424041501767378,0.5686302542201913,0.5980600063420966,0.6737216206232179,0.6096987538838816,0.5661269051921677,0.5446615484928641,191116348085
99.52322387695312,198.74917602539062,50.390777587890625,0.45792916417121887,-0.03265884146094322,-0.8883885741233826,0.06396611779928207,-0.9955242276191711,0.06956934928894043,5.630108833312988,27.531742095947266,-0.5764129161834717,0.5688697183781276,0.7999123386139095,0.9699131487884267,0.8679828133350853,0.6257392918907988,0.5503301936212437,0.5486956855785471,0.554617464862859,0.5424554549670833,0.5447672357064124,0.6104782563285053,0.5502333013167011,0.5517993056622064,0.566935643102517,0.5475245900002896,0.5472114842992769,0.5418631895600091,0.553991264674174,0.5703805762110987,0.6037863854153476,0.557221385877275,0.5501266740136637,0.5424342783066299,0.5687959458017191,0.5979151790379722,0.6807712798138658,0.6098108149168917,0.5702428774112953,0.5447888414200667,191116356905
99.62300109863281,199.0172119140625,50.37451934814453,0.45850488543510437,-0.032391369342803955,-0.8881013989448547,0.06445752084255219,-0.9954913258552551,0.06958599388599396,11.56838321685791,31.077428817749023,-1.8847469091415405,0.5682643683884034,0.8014670916136449,0.9699100765324998,0.8667409959859124,0.6245760554084621,0.5506205945849033,0.548895758706602,0.5548823259717883,0.5424523504861899,0.5448705920966306,0.610317818761328,0.5503451940453068,0.5518721493646672,0.5677540606853045,0.5479039570282582,0.5476207844652333,0.541886842746161,0.5540315078855536,0.5699959091351048,0.6029902649113082,0.5571981837761532,0.5500716802767974,0.5424581412597347,0.568911270162869,0.5973558160091206,0.6866841167168874,0.6095759220331286,0.5742589692742452,0.5449087412767732,191116365530
99.6718978881836,199.24652099609375,50.329227447509766,0.45905911922454834,-0.03177203983068466,-0.8878374099731445,0.06408123672008514,-0.9955729842185974,0.06876085698604584,5.68993616104126,26.6817626953125,-5.270200252532959,0.5677071598271443,0.8028071793211785,0.969979770587662,0.8650874340498351,0.623710450966826,0.550884854441503,0.5491001635404987,0.5550820498304344,0.5424262620989115,0.5449124991474033,0.6101386001851562,0.5504262310544328,0.5519546692514444,0.5685529181839315,0.54820457820055,0.548006260401832,0.5419086801007201,0.5540507734961647,0.5696766163769234,0.6022801396695932,0.5572078313593438,0.5499965437027349,0.5424805757675334,0.5689004752188809,0.5962739512572891,0.6914427320102394,0.6087969622870975,0.5782388335610915,0.5449985840407104,191116374124
99.74993896484375,199.52822875976562,50.26844024658203,0.459560364484787,-0.02950737066566944,-0.8876562118530273,0.06462408602237701,-0.99568772315979,0.0665559396147728,8.83373737335205,31.889835357666016,-6.88129186630249,0.5669695952218888,0.8045966853897466,0.9702642576512256,0.8626143085297322,0.6228497334324065,0.5509780476257411,0.5492285830412404,0.555400376953322,0.5424935722468923,0.5449451560158454,0.6092354752681978,0.5503811041704363,0.5521174213713583,0.5697780517502087,0.5486307122142728,0.5484567600041772,0.5419235722751577,0.5539709133741805,0.5696633228163349,0.6022640524837329,0.5574742262669978,0.5499699175347926,0.5425126994999129,0.5687190988148436,0.5952526652969149,0.6955074099805162,0.6083397378479622,0.581769321518975,0.5450554501630532,191116382958
99.81848907470703,199.77569580078125,50.21334457397461,0.46012768149375916,-0.02661909908056259,-0.8874536156654358,0.06491315364837646,-0.9958667755126953,0.0635271668434143,8.043577194213867,29.034137725830078,-6.464066982269287,0.5662681438666339,0.8067708666303227,0.9707931766146344,0.8599376757898894,0.622086530947481,0.5510175766463943,0.5493602257012768,0.5556404787480684,0.5425309895145523,0.5448730572304387,0.6082026831596162,0.5503465924565657,0.5522960398597839,0.5707353631988932,0.5489191534979887,0.5487570161198444,0.5419443962124195,0.5539702393377499,0.5698917821396211,0.6021738551184466,0.5577285559784374,0.5497463903424991,0.5425629268350355,0.5686072270867318,0.5944651070350052,0.6976729954797352,0.607772110231803,0.5839805776490912,0.545077849723053,191116391481
99.88871765136719,200.03318786621094,50.12782287597656,0.46096763014793396,-0.023518497124314308,-0.8871052265167236,0.06563065201044083,-0.9960076212882996,0.06050940603017807,8.095118522644043,29.682842254638672,-9.85844898223877,0.5658201744337279,0.8091013412712877,0.9714688259021925,0.8568098336244387,0.6214984136094479,0.5510613413056783,0.5494228123788852,0.5559242003122085,0.5426343310943755,0.5449381610203174,0.6075116793105625,0.5502875197137139,0.552476725092241,0.5719192626067441,0.5493268281725735,0.549155176105823,0.5419959432087469,0.5539785964487105,0.5704139590181374,0.6029423739814528,0.5583019836406846,0.5496991700720089,0.5426370473135328,0.5687045998233574,0.5941818212516803,0.6992924142681043,0.6077978700164173,0.585368102774295,0.5451144783442494,191116400156
99.9494857788086,200.272705078125,50.061161041259766,0.46175476908683777,-0.01989547535777092,-0.8867844939231873,0.06776601821184158,-0.9960352778434753,0.05763280391693115,6.885610103607178,27.137592315673828,-7.552962779998779,0.5656688962217915,0.8113518283841571,0.9721718876337938,0.8545546942155897,0.6210180590192692,0.5510259785142345,0.5494438810413836,0.5562853967709291,0.5427570600000351,0.5450588157285867,0.6070519811149556,0.5501777606615151,0.5526313717466451,0.5730105483201501,0.549689341115975,0.549506795865822,0.5420376621897166,0.5539778474603059,0.5708325477209448,0.6035652922068266,0.5587676957565261,0.5496648032919168,0.5426840168251921,0.5688147289751472,0.593723266249535,0.6998000014017663,0.6075238270053019,0.586257903731413,0.545179515234455,191116408982
100.02617645263672,200.5339813232422,50.053768157958984,0.462626188993454,-0.016046974807977676,-0.8864082098007202,0.06972021609544754,-0.9960811138153076,0.05442017316818237,8.927116394042969,30.41541862487793,-0.8605859279632568,0.5655905550324901,0.813436939073731,0.9727140928310564,0.852204142953689,0.6204227082873789,0.5508992672076203,0.5494535198212291,0.5567272867996641,0.5429322570966744,0.5451530727067526,0.6064390469113866,0.5500182989995118,0.552907053967041,0.5742883584661308,0.5501172810469889,0.549785782133965,0.5420814141705134,0.5539399386121153,0.5714988034133833,0.6045447057333574,0.5593128642379994,0.5495998155433822,0.5427177878685107,0.5688420351258239,0.5936538672356104,0.7001579724339528,0.6074986011884466,0.5865761432892974,0.5452440416221712,191116417572
100.08126068115234,200.76596069335938,50.036033630371094,0.46320345997810364,-0.012646667659282684,-0.886161744594574,0.07100668549537659,-0.9961541295051575,0.051332131028175354,6.378654479980469,26.86195182800293,-2.053677558898926,0.5656148011830883,0.8154193948598067,0.9733972455668194,0.8499411022364913,0.6201306853251958,0.5508098128612093,0.5494829119055438,0.5570521825363924,0.5430530111549285,0.5451994551451662,0.6060418317473449,0.5498986990473685,0.5530926331106387,0.575033128724387,0.5503908276749561,0.5499001847067545,0.5421192847497629,0.5539338645456168,0.5720066271608328,0.6050633146631644,0.5597003438426584,0.5494588125443808,0.5427607849224235,0.5688997310498568,0.5934451991949752,0.6999245736556108,0.6073315279452457,0.5866861598559955,0.5452736058671583,191116426208
100.13613891601562,200.9656219482422,50.024932861328125,0.46396490931510925,-0.009572857059538364,-0.8858018517494202,0.0722828358411789,-0.9961981177330017,0.04862618073821068,6.353199481964111,23.114925384521484,-1.28510320186615,0.5657892527767096,0.8171236028996769,0.9741711901169003,0.8478101265576785,0.6202126381106585,0.5507349190997858,0.5494696651275796,0.5573197642701282,0.5431605101136607,0.5453132836980001,0.6059208267990929,0.5497725304710827,0.5531214635958893,0.5754128376411066,0.550572919141758,0.5499899172310124,0.5421467858240261,0.5538569300111366,0.5722333652015907,0.6054469045814952,0.5599736356587295,0.5494433271083711,0.5427921772422949,0.568915246645136,0.5931639806159966,0.6998292760288459,0.607340036181659,0.5869144109188608,0.5453079218717509,191116434846
100.19721984863281,201.15359497070312,50.0054817199707,0.46485790610313416,-0.006556865759193897,-0.8853610157966614,0.07388871163129807,-0.9961970448493958,0.04617289453744888,7.038294792175293,21.660856246948242,-2.2412126064300537,0.5661514766227078,0.8185137839952148,0.9747361547603183,0.8461410531829995,0.6202220975238182,0.5506447560541292,0.5494543052904491,0.5576201140160747,0.5432816303908826,0.5454368399548112,0.606059228945825,0.5496444818825654,0.553172186099051,0.5757706059428945,0.550745581290351,0.5500429601569397,0.5421640791879091,0.5537983807749841,0.5724672900145351,0.6058064093001786,0.5602343749959534,0.5494174721230888,0.5428150759446966,0.5690489837547205,0.5930596279043387,0.6994877884936148,0.6074014068042896,0.5868439938985028,0.5453726196452403,191116443524
100.24443817138672,201.30174255371094,50.0107421875,0.46562111377716064,-0.00395844504237175,-0.8849753141403198,0.07483873516321182,-0.9962318539619446,0.043831758201122284,5.442343711853027,17.07282066345215,0.605922281742096,0.5664415202762693,0.8195713643374642,0.9751464878055074,0.8447193861385702,0.6202061560995914,0.5505461255354176,0.5494505985131195,0.5579475323886663,0.54339556989945,0.5455561312522726,0.6060703299999761,0.5495278790529483,0.5532921524210841,0.5762717790995577,0.550948421180324,0.550104577456459,0.5421834019937609,0.5537666043058403,0.572919207941243,0.6064892843236755,0.5606244865865752,0.5493893713810566,0.5428358767376843,0.5690989374560725,0.5933915370836359,0.7004475867058366,0.6077239921518388,0.5871162189476602,0.545410073911251,191116452201
100.28507232666016,201.4346923828125,49.99813461303711,0.4662604033946991,-0.0020674876868724823,-0.8846451044082642,0.07536360621452332,-0.9962691068649292,0.04204945266246796,4.686369895935059,15.334386825561523,-1.453963041305542,0.5667293667514587,0.8202199656771935,0.9756383625239172,0.8432713103533773,0.6206317974328962,0.5504602611106427,0.5494027844818921,0.5581865394049653,0.5434978181612069,0.5456996076742637,0.6061673536854145,0.549416179938737,0.5533061278869609,0.5765386161685319,0.5510905839953726,0.55016243232401,0.5421979396370383,0.5537181772206625,0.5732455434889864,0.6070883664217844,0.5609694735061166,0.5494094769557691,0.5428679167919929,0.5691465253147256,0.5936064352502415,0.7015366084380398,0.6079737556097873,0.587612290316507,0.5454286365098153,191116460871
100.31114959716797,201.55276489257812,49.992774963378906,0.4668232798576355,-0.0003262493119109422,-0.8843505382537842,0.07512309402227402,-0.9963707327842712,0.04002290219068527,3.0113446712493896,13.633328437805176,-0.6189184188842773,0.5670015124796527,0.8206565092215737,0.9760273917031272,0.8418470946335923,0.6210474375818611,0.5503809886923637,0.5493827941218175,0.5583733979377011,0.543571583676031,0.5457816526503059,0.6062424696512566,0.5493369865454055,0.5533251781064857,0.5766540906306223,0.5511574639295088,0.5501540268581044,0.5422001790863467,0.5536820991478868,0.573542393253068,0.607574837921108,0.5612180552844086,0.5494051211343861,0.5428937933702728,0.5691677011942414,0.5938754897793956,0.702541113341761,0.6082675359017266,0.587975276323616,0.5454404779249563,191116469532
100.34539794921875,201.68292236328125,49.97269058227539,0.4674314856529236,0.0017759264446794987,-0.8840275406837463,0.07576266676187515,-0.9963993430137634,0.03805800527334213,3.9150264263153076,14.88109302520752,-2.2959342002868652,0.5671908475296357,0.8210406947035922,0.9763944972665609,0.8407883537308383,0.6214411541102984,0.5502634372946819,0.5493195887216852,0.5586494752732876,0.5436875739137649,0.5459441066162174,0.6061440717843687,0.5492403799666125,0.5533752496513914,0.5769344604459429,0.5512750573716486,0.5501903109426174,0.5422006800577955,0.5536528450452655,0.5738456964412196,0.6082529077809695,0.5614785662047258,0.5494820881789683,0.5429167173633654,0.5693023413371247,0.5940969831678824,0.7032254923912938,0.6084602766276301,0.5882413535297375,0.5454876109848477,191116478279
100.36186218261719,201.78558349609375,49.950679779052734,0.46795913577079773,0.003949819598346949,-0.8837412595748901,0.07626006007194519,-0.9964404702186584,0.03592774644494057,1.9126476049423218,11.921751022338867,-2.5562005043029785,0.5673742449659721,0.8212664063652995,0.9767728345904257,0.8397593207310992,0.6219755709294494,0.5501208621083186,0.5492541773665219,0.5589220829900285,0.5437772315914182,0.5460985487807133,0.605953886385105,0.5491454001024001,0.5534214024677179,0.5771879370086752,0.551370148336088,0.5502215422041709,0.5421921585974537,0.5536239110381316,0.5742017652974298,0.6089797791361842,0.5617602997047674,0.5495450944056508,0.5429323037523015,0.5693541819179355,0.5944066741219293,0.7042183297148862,0.6087492433404409,0.5885739372649565,0.5455117528989358,191116486890
100.38177490234375,201.86346435546875,49.94401931762695,0.46852907538414,0.0059312693774700165,-0.883428156375885,0.07600992172956467,-0.9965400695800781,0.033621419221162796,2.3087968826293945,9.02965259552002,-0.7725811004638672,0.5675515881258292,0.8212526401110066,0.9771131347680088,0.8386497882189096,0.6226360228305116,0.5500252905257432,0.5491912462499289,0.5591415217804169,0.5438499680739319,0.546255449489139,0.6058912062222039,0.5490813924100648,0.5534380097778836,0.5773113774670546,0.5514146015455594,0.550234741362521,0.5421925771696139,0.5536070133683795,0.5744928257860282,0.6096133120635403,0.5619936974687246,0.5496145997539532,0.5429533117821599,0.5694617522404897,0.59471350911309,0.7051350738691716,0.6090691825971396,0.5888802393917733,0.5455475755339898,191116495514
100.41950988769531,201.9541015625,49.92509841918945,0.4690474271774292,0.007611911743879318,-0.8831401467323303,0.07588980346918106,-0.9966116547584534,0.03171614184975624,4.3347086906433105,10.412046432495117,-2.173492908477783,0.5677461232423379,0.820763710161855,0.9773717494166955,0.8380437589662364,0.6235189283495587,0.5499786228785487,0.5491751609963644,0.5594037345675541,0.5439141990167987,0.5464110220498708,0.6060347777807696,0.5490543988974792,0.5534538895390192,0.5772927586371139,0.5514157332267922,0.5501899396757172,0.54219019857842,0.5535986012226035,0.5745350768672077,0.6097846179422174,0.5620495694476476,0.5496589815361227,0.5429518942679183,0.5695768228326423,0.5947894317363878,0.705576303325939,0.6093021059371911,0.5891249078753907,0.5456038379271229,191116504219
100.43882751464844,202.05003356933594,49.935760498046875,0.4692946970462799,0.008247099816799164,-0.8830031156539917,0.07544946670532227,-0.996674120426178,0.030790790915489197,2.227342128753662,11.060750961303711,1.229152798652649,0.5679814132318806,0.8195404582989384,0.9775188625096723,0.8376344792798893,0.6247878981857471,0.5499884544744746,0.5491676798153196,0.5596237743421985,0.5439785381036539,0.5465684560706584,0.6064655142582048,0.5490699540929813,0.5534693616337142,0.5772905053002543,0.5514643917634221,0.5501713063792846,0.5421960027124999,0.5536301860304421,0.57463568881418,0.6101510012370993,0.5622149581459631,0.5497563568855814,0.5429545503002444,0.569827539264742,0.5949585077110103,0.705879435910476,0.6096801170275113,0.5892172746284294,0.5456742349473591,191116512893
100.46295166015625,202.1324462890625,49.95228576660156,0.4695919454097748,0.008739166893064976,-0.8828403353691101,0.07540977001190186,-0.9966938495635986,0.030245045199990273,2.7812705039978027,9.500962257385254,1.9053382873535156,0.5682908985607583,0.8173365366735774,0.9776569330782856,0.8368869150711764,0.6268410075562908,0.5499802424577263,0.5491400743451397,0.5598383426665711,0.5440410657799384,0.546744355474806,0.6070054085244501,0.5490799275250425,0.5534984657984056,0.5773988404762851,0.5515350506508626,0.5501981589016885,0.5421986596410313,0.5536574404757103,0.574817815423713,0.6107334970766474,0.5624222360177329,0.5498921336779462,0.5429612418239932,0.5700373724508615,0.5953271013884129,0.7065309293349239,0.6102110363592524,0.5892974303482293,0.5457270154349597,191116521567
100.48954010009766,202.1988983154297,49.9604377746582,0.46991166472435,0.0092298723757267,-0.88266521692276,0.07584409415721893,-0.996669590473175,0.02995574101805687,3.0656557083129883,7.663707733154297,0.9399933815002441,0.5687292399838001,0.8143609510774605,0.9778329473785132,0.8360014036707148,0.6296220878747321,0.5499841057500865,0.5491236699034342,0.5600609608473726,0.5440953267965066,0.546921976399486,0.6077774629973379,0.5491238761298632,0.5535289473870731,0.5775215701803468,0.5515956369902154,0.5502517804057246,0.5421962935243695,0.5537236884813255,0.5750046167242812,0.6114036850008213,0.5626326560213443,0.550074069480872,0.5429668886648537,0.5703195588429676,0.5957330765108358,0.7072552649165629,0.6107501236116206,0.589418921310007,0.5457704441041528,191116530238
100.51863098144531,202.26849365234375,49.967586517333984,0.47017940878868103,0.009665791876614094,-0.88251793384552,0.07653671503067017,-0.9966195225715637,0.029861001297831535,3.3673343658447266,8.053448677062988,0.8276594281196594,0.5691654314018921,0.8108175065056702,0.9779394689911052,0.8350418842615214,0.6327567764769919,0.5499972105739845,0.5491258432512086,0.5602474449740443,0.5441355707380282,0.5470567135996078,0.6085793820231225,0.5491881361627629,0.5535658702751282,0.5775864477971453,0.5516128034947217,0.5502821689799267,0.5421907317970028,0.5538009010696874,0.5751268602944796,0.6119222570138491,0.5627448994864996,0.5502377132061724,0.5429677938627148,0.5705827383281215,0.5960922830914624,0.7077422049409797,0.611243703481778,0.5894267681173878,0.5458081502367377,191116538879
100.54473114013672,202.3135223388672,49.96043395996094,0.4704330563545227,0.010111205279827118,-0.8823777437210083,0.07728812843561172,-0.9965637922286987,0.029785916209220886,2.9759936332702637,5.135342597961426,-0.815794825553894,0.5697267399095478,0.8070092341759171,0.9780336500746738,0.8339774868217013,0.6361505112879268,0.5500118686919472,0.5491349313773266,0.5604199967716472,0.5441682344431287,0.5471731994362764,0.6095554932779006,0.5492462934223624,0.5536079230744154,0.5776403832188124,0.5516143509449599,0.5502993576299072,0.5421852263421362,0.5538816762237956,0.5752502351250867,0.6123942872230866,0.5628330675406482,0.5503821293449679,0.5429679247515349,0.5708323770114613,0.5964413556591468,0.7080205084040726,0.6116100419936261,0.5893162823817821,0.545836087271413,191116547649
100.57919311523438,202.35302734375,49.955726623535156,0.470686674118042,0.01016529742628336,-0.8822419047355652,0.07795549184083939,-0.9965021014213562,0.0301083754748106,4.008753776550293,4.5945048332214355,-0.5477733612060547,0.5703923120447479,0.8032597777938234,0.978017305763589,0.8331320578378189,0.6393445784934668,0.5500486455756194,0.5491492104169048,0.5605498358335416,0.5441799206461315,0.5472771815757,0.6107430777638999,0.5493133288522841,0.553621441656317,0.5775978521125343,0.551570165682688,0.550301851825833,0.5421810791237015,0.5539645215970694,0.5752383515599597,0.6126169575243074,0.5628008248110152,0.5505121126730693,0.5429672362368012,0.5710826027900338,0.5966160557784485,0.7078132161758915,0.611734478883286,0.5890929375159122,0.545867641012667,191116556245
100.60105895996094,202.36257934570312,49.943199157714844,0.4709751307964325,0.00976529624313116,-0.8820924162864685,0.07870503515005112,-0.9964160919189453,0.03099200688302517,2.4825780391693115,1.0846797227859497,-1.4222862720489502,0.5711623030229813,0.7997045705134375,0.9779109213609094,0.8325909873733841,0.6422540795087079,0.5501218459744321,0.5491669333289456,0.560674256994234,0.5441841445015134,0.5474099716433937,0.6121850680518488,0.5493906897049338,0.5535967857261971,0.5774722484717127,0.5515153710412628,0.5503070290503186,0.5421814866439347,0.5540458431912346,0.5751144374580953,0.6126568258904588,0.5627235795364703,0.5506417623885964,0.5429643899717617,0.5713978826256397,0.5966196013353581,0.7071475093357351,0.6116865696200299,0.5887875220329624,0.5459207994939036,191116565053
100.60255432128906,202.35472106933594,49.94535827636719,0.4713127911090851,0.009687310084700584,-0.8819129467010498,0.07957864552736282,-0.9963281154632568,0.03158440813422203,0.17534670233726501,-0.9194850921630859,0.2531284689903259,0.5719509353863,0.7964806726045157,0.9777327117219872,0.8321101273206793,0.644782495055024,0.5501473596596377,0.5491695328991597,0.560807972368351,0.5442053714526515,0.5475194674993368,0.6135042139490442,0.5494336923667514,0.5536032899817945,0.5774861521049035,0.5514837384282502,0.5503367927532102,0.5421754091925283,0.5541083791247939,0.5750309197029877,0.6127331494732263,0.562667401616635,0.550753652165148,0.5429589051477183,0.5716930232157096,0.5965530739767674,0.7061454792055787,0.6115401281630988,0.5883311370208885,0.5459826014017051,191116573594
100.63663482666016,202.41465759277344,49.955753326416016,0.47145867347717285,0.009868985041975975,-0.8818329572677612,0.08104147017002106,-0.996191143989563,0.03217877820134163,3.9381449222564697,6.927341938018799,1.2011336088180542,0.5726271032691908,0.7936843469730896,0.9774915462962261,0.8316384279144696,0.6468222874204484,0.5501242835713653,0.5491317476812162,0.5608898159187029,0.5442112164096105,0.5476281630491164,0.6145118526559162,0.5494499595888995,0.553586118858174,0.5774543335088224,0.5514127119687893,0.5503592674232752,0.5421694744261438,0.5541501976551265,0.5748586099221069,0.6126969601060492,0.5625059900326482,0.5508755530797115,0.5429498630332322,0.5719161905847437,0.5964910882987219,0.7053018052958051,0.611300623538281,0.5879626176920697,0.5460274771101205,191116582247
100.64942169189453,202.43453979492188,49.931793212890625,0.4717152416706085,0.010404856875538826,-0.8816895484924316,0.08268343657255173,-0.9960463643074036,0.032482314854860306,1.449603796005249,2.2544522285461426,-2.716683864593506,0.5732321259909285,0.7914383477319239,0.977307376905674,0.831359108438152,0.6485009898885157,0.5500737654329687,0.5490975787238705,0.5609671440312507,0.5442047161697715,0.5477051598782081,0.6153048639619765,0.5494606423221365,0.5535852363553836,0.5774491289859853,0.5513390322647359,0.5503755141015643,0.5421589083471283,0.5542005750513925,0.5747358536063649,0.6126618860725216,0.562357318920047,0.5509643170322361,0.5429359344817428,0.5721388871217039,0.5964674827861657,0.7047020384702478,0.6110010329977894,0.5877233822507271,0.5460744628861574,191116591066
100.65509033203125,202.44024658203125,49.916099548339844,0.4718882441520691,0.010865572839975357,-0.8815914392471313,0.08356388658285141,-0.9959738254547119,0.03245379775762558,0.6624364256858826,0.6667178869247437,-1.8329719305038452,0.5736908822542061,0.7895906810547478,0.9771611780136441,0.8310127235920598,0.6498930316459023,0.5500490918652642,0.5490658885438345,0.5609829653985391,0.5441783139083691,0.5477678343705809,0.6159385140681025,0.5494768025618866,0.5535686799973882,0.5774255930032016,0.5512692318026896,0.5504013582323346,0.5421489345004399,0.5542425693177695,0.5746719860591805,0.6126510916388787,0.5622764270782719,0.5510194275035762,0.5429313756828955,0.5723033638892369,0.5964836256963923,0.7044343207044665,0.6108524850107839,0.5876196335744595,0.5461033150523157,191116599628
100.64529418945312,202.4191436767578,49.89455795288086,0.4719754457473755,0.011277399025857449,-0.8815395832061768,0.08405233174562454,-0.9959389567375183,0.03226064518094063,-1.1344177722930908,-2.445340871810913,-2.4951376914978027,0.5740279004085898,0.78830215715305,0.9770649132028869,0.8304105964374591,0.6509072066620304,0.5500165289522837,0.5490287114408023,0.5610077187075129,0.5441786575110303,0.5478260240299886,0.6163442648450703,0.5494816180203507,0.5535822074831698,0.5775494733896525,0.5512679661267078,0.5504636284920261,0.5421490554878952,0.5542831564014271,0.5748069386091983,0.6129631542142452,0.5623545987704388,0.551074104584354,0.5429399522531017,0.5724314652872905,0.5968166645078686,0.7049390178977775,0.610990538407878,0.5876548175937499,0.5461093368433839,191116608262
100.63194274902344,202.37606811523438,49.88057327270508,0.47196871042251587,0.011482620611786842,-0.8815405368804932,0.08448795229196548,-0.9959020614624023,0.03226182237267494,-1.537477731704712,-4.9582839012146,-1.609890341758728,0.5743347137187236,0.7874048640527318,0.9769125535147627,0.8298612026671679,0.651483983521794,0.5499835319786982,0.5489948843487585,0.561019944056923,0.5441820150884341,0.5478651588233968,0.6166882944718278,0.549480397222322,0.5536040918028781,0.5776714514235108,0.5512700653604513,0.5505113211475756,0.5421550398014421,0.5543306394589106,0.5749532862956088,0.6132076794309074,0.5624136505875363,0.5510927369354449,0.5429514930296327,0.5725562633148599,0.597144211045807,0.7053351805676509,0.6110527964206048,0.5876303985001681,0.5461124643261669,191116616949
100.64533233642578,202.41554260253906,49.89624786376953,0.471834272146225,0.011544434353709221,-0.881611704826355,0.08505313098430634,-0.9958468675613403,0.03247971087694168,1.5403457880020142,4.540520191192627,1.8033283948898315,0.5745435215529351,0.7867217142061478,0.9766931952948672,0.8295149472543217,0.6517139706499209,0.5499431532798271,0.5489564887191585,0.5609868902700806,0.5441659063341111,0.5478794807169899,0.6168750053477465,0.5494740199395517,0.5536177727389338,0.5777540480459439,0.5512390682805869,0.5505475544617306,0.5421590917833671,0.5543734130634014,0.575005732425335,0.6132947019536812,0.5623714958865486,0.5511070129760698,0.5429561444642613,0.5726404291008456,0.5973214440580472,0.7053970574192713,0.6109119183092517,0.5875482329417664,0.5461134688884219,191116625642
100.65677642822266,202.4202117919922,49.89350509643555,0.4717690050601959,0.011794902384281158,-0.8816432952880859,0.08541537821292877,-0.9958190321922302,0.032383549958467484,1.314173936843872,0.5369890332221985,-0.31503304839134216,0.574684148995597,0.7862585642682669,0.9764898471262177,0.8290979581249827,0.6517799458061853,0.5498794580101096,0.5489159456786351,0.5609580191772526,0.5441497864860787,0.5478780490423024,0.6168849612764844,0.5494519852391138,0.5536592841632662,0.5779285535946553,0.5512287266141529,0.5505941816830151,0.5421627431849487,0.5544071697046496,0.5751506971595908,0.6135614249471518,0.5623790743214268,0.5511329831396778,0.5429599477617187,0.572703534990421,0.5976550849338229,0.7059018494500001,0.6108853137179413,0.5875770081209095,0.54611605542952,191116634353
100.65630340576172,202.44332885742188,49.907108306884766,0.4716668725013733,0.011859714984893799,-0.8816970586776733,0.08561502397060394,-0.9958011507987976,0.03240551799535751,-0.054704781621694565,2.6844375133514404,1.5804588794708252,0.5747433822274268,0.7859680191853521,0.9762701441267086,0.8289468389481787,0.6516296188618511,0.549829118070017,0.5488834231012537,0.5608996565141939,0.5441239897520613,0.5478584543439157,0.6168270417821082,0.549445251675342,0.553684453152353,0.5780202002355549,0.5512035979100312,0.5506217085011237,0.5421650495401901,0.5544479559426942,0.5752249867766007,0.6136993367866541,0.5623396651436808,0.5511525341729868,0.5429642138606237,0.5727444858347783,0.597945836824353,0.706617017336559,0.6108288106527969,0.5877845955487947,0.5461091375558302,191116642960
100.64697265625,202.4141845703125,49.91609573364258,0.4715907573699951,0.011847710236907005,-0.8817379474639893,0.08554242551326752,-0.9958085417747498,0.03237125650048256,-1.0793116092681885,-3.367276191711426,1.038974642753601,0.574823212740415,0.786008090730509,0.9761462340867781,0.8287528463676574,0.651402053024608,0.5497894465406901,0.5488532635670906,0.5608469890844215,0.5441098725643225,0.5478389755658132,0.6168137630125607,0.5494255348319838,0.5536993270868588,0.5780703697852745,0.5511817104158179,0.5506276447668302,0.5421702376504364,0.554468393735211,0.5752818685319973,0.6138158038220787,0.5623090772054308,0.5511706868593204,0.5429665292976839,0.5727816844078737,0.5981446302787252,0.7071192027886857,0.6107427411190105,0.5879485773376761,0.5461089121356276,191116651611
100.64373779296875,202.41790771484375,49.90892791748047,0.4715557396411896,0.011817469261586666,-0.8817570805549622,0.08536605536937714,-0.9958257675170898,0.03230676054954529,-0.3690778613090515,0.423464298248291,-0.8183026313781738,0.5748444339499136,0.7862604473022653,0.9760580726957863,0.8286919241558584,0.6510404704539741,0.5497464529102829,0.5488228111415485,0.560777970138384,0.5440879195006415,0.5478112064066555,0.6167069356392336,0.5494148876170217,0.5536850714897394,0.5780399466911572,0.5511381444370733,0.5506266854390623,0.5421673275602981,0.5544834776219552,0.5752793882468407,0.6138613245436516,0.5622461202970136,0.5511979879081176,0.542967278900368,0.5728168524159255,0.5982964787216779,0.7075586734264824,0.6107027615547331,0.5881099597558626,0.5461103667378426,191116660372
100.63910675048828,202.40121459960938,49.92302703857422,0.4714909791946411,0.01174579281359911,-0.8817926645278931,0.08498445153236389,-0.995862603187561,0.03217559680342674,-0.5361289381980896,-1.9306451082229614,1.632181167602539,0.5747975123148813,0.7866163789350157,0.9759831388128356,0.8288092095279005,0.6505846783315967,0.5497225904549723,0.5488203015376031,0.5607624023220554,0.5440828664619851,0.5477830618009968,0.6165526960074469,0.5494085948026726,0.553707997875662,0.5780941739632712,0.5511332196445969,0.5506297217017943,0.5421614591520857,0.5544937933537671,0.5753043224570359,0.6138823989668958,0.5622274301005837,0.5511931000466227,0.5429638823345693,0.5728238934325077,0.5983393997817305,0.7076289962873928,0.6106934761073949,0.5881171985481943,0.5461130022698171,191116669012
100.6424331665039,202.39321899414062,49.942832946777344,0.4713452160358429,0.01155485212802887,-0.8818731307983398,0.08460944145917892,-0.9958946108818054,0.03217338025569916,0.37989774346351624,-0.9122055768966675,2.2586100101470947,0.574783008863994,0.7867822846656803,0.9757947444174864,0.8290178098090089,0.650078880741595,0.5497064396626663,0.5488149853933995,0.5607402126758956,0.5440782893286312,0.5477617135878582,0.6164899175042138,0.5494004139063752,0.5537116911080537,0.5780980162914543,0.5511154750117261,0.5506268513670318,0.5421556798736054,0.5544856639482928,0.575243373779732,0.6137941938002227,0.5621655171557245,0.5511949047551441,0.5429564053093311,0.5728186321271418,0.5982329090756838,0.7071744988364622,0.6106439700165228,0.5879236878245104,0.5461226790143732,191116677780
100.66053009033203,202.40345764160156,49.97174835205078,0.4714531898498535,0.011551904492080212,-0.8818154335021973,0.08441007882356644,-0.9959144592285156,0.03208233043551445,2.114895820617676,1.1963059902191162,3.379930019378662,0.5747805809175239,0.7870090576081983,0.9756964199746475,0.8295035719077828,0.649676728061471,0.549696476188723,0.5487932275569409,0.5607343658589289,0.5440755142980653,0.5477915210785469,0.6164902536533298,0.5493816412348272,0.5537123217669812,0.5781924224063444,0.5511254956937202,0.5506703801465449,0.5421542364229146,0.5544650031868033,0.575193923820961,0.6138676316601382,0.5621439175205938,0.5512595736012448,0.5429518013287999,0.572812272449393,0.5980491523931444,0.706718449696328,0.6105215312784601,0.5878168599462987,0.5461396783431958,191116686335
100.70117950439453,202.41912841796875,49.99233627319336,0.4716959297657013,0.012009358033537865,-0.8816794753074646,0.08443368971347809,-0.9959276914596558,0.031606242060661316,4.685755729675293,1.8064829111099243,2.3731415271759033,0.5746976933703151,0.7872941247672085,0.9756825772788027,0.8297535890463298,0.6493753236585466,0.54965483408626,0.5487823785644552,0.5607702416874497,0.5440811771632712,0.5477924970882992,0.6162546040092662,0.5493548024567396,0.5537686022715321,0.5784036984158818,0.5511540414135372,0.5507124652742299,0.5421461434669198,0.5544615487184675,0.5752618994884374,0.6140137139989797,0.5621710055277251,0.5512745025873915,0.54294737674505,0.5728232296368337,0.5979849760561547,0.7061912027387379,0.6104706863338533,0.5875392905529957,0.5461609351312792,191116695010
100.73145294189453,202.43231201171875,50.003604888916016,0.4718779921531677,0.012480915524065495,-0.8815755248069763,0.08440106362104416,-0.9959471225738525,0.0310769435018301,3.4101297855377197,1.485795259475708,1.2694112062454224,0.5745882359956018,0.7876634349246315,0.9756961624823913,0.8299113264183767,0.6490557814398256,0.5495953769032292,0.5487546065621808,0.5607904888722801,0.5440856399244149,0.5477929963727501,0.6159236152562222,0.5493243244304403,0.5538251890298133,0.5786408869444244,0.5511761812108957,0.5507696654657225,0.542138292066546,0.5544704400367131,0.575379025891884,0.6142327076517464,0.5622113148380835,0.5512904974746077,0.5429506768815682,0.5728606607811527,0.5978394405473229,0.7052994124058899,0.6103139546507165,0.5871270715983183,0.5461836091358097,191116703888
100.76271057128906,202.44683837890625,50.00642776489258,0.47205519676208496,0.0130091467872262,-0.8814730048179626,0.08442842215299606,-0.9959622025489807,0.030515123158693314,3.632716417312622,1.6867568492889404,0.32820925116539,0.5744399048151586,0.787746987055977,0.9756095389404562,0.8300216964984239,0.6487734611323016,0.5495498343133033,0.5487526800969308,0.5608738792369684,0.5440916031927134,0.5478094858252631,0.6155719017374724,0.5493089630936512,0.5539251623955184,0.5789903758745931,0.5512251195406566,0.5508469707124967,0.5421279546035739,0.5545046115129868,0.5755980367230289,0.614572159499212,0.5623144930828953,0.5512936836844978,0.5429562823163617,0.5729482883707507,0.5978932746329587,0.7043533577010659,0.6103646133879647,0.5864688594835131,0.5462161659463264,191116712493
100.77032470703125,202.4417266845703,50.0007209777832,0.4721147119998932,0.013228638097643852,-0.8814378380775452,0.08433078229427338,-0.9959794282913208,0.030221473425626755,0.8830259442329407,-0.5928245186805725,-0.6619151830673218,0.5743401306685902,0.7876815919500645,0.9754802575057763,0.8303588394320872,0.6485343868352255,0.5495303556681037,0.5487563988302179,0.5609550204292415,0.5440964379062893,0.5478374878315357,0.6153858847185082,0.5493068963893993,0.554018101753065,0.5793008445813264,0.5512756828189431,0.5509182879094581,0.5421181099883676,0.5545360843290005,0.5757430165493188,0.6149317611250744,0.5623933905201833,0.5513602253218538,0.5429563874477922,0.5730478668857385,0.5978829532764967,0.7034415621915777,0.6104617191258387,0.5859013244197311,0.5462580600858816,191116721114
100.77644348144531,202.4166259765625,50.00935363769531,0.47209253907203674,0.013419960625469685,-0.8814468383789062,0.0840967521071434,-0.9960095882415771,0.029877062886953354,0.7099370956420898,-2.9134888648986816,1.0017378330230713,0.5742174633870109,0.7875531190266288,0.975330098323588,0.8304996753078426,0.6483149454688208,0.549524727918838,0.5487740111224847,0.5610743465200266,0.5441129166157682,0.5478818705428562,0.6151938826003851,0.5493057853277782,0.5541168557589852,0.5796471957707571,0.5513156545083805,0.5510058067819944,0.5421056999644808,0.5545546016832721,0.5758490344445009,0.6152937895360029,0.562453459548952,0.5514531062465041,0.5429509906612027,0.5731278936503605,0.5977956988626667,0.7023490618303223,0.6105323865711133,0.5852867304998739,0.546293938202161,191116729730
100.76581573486328,202.3898468017578,50.012046813964844,0.47216376662254333,0.013660937547683716,-0.8814049959182739,0.08376149833202362,-0.9960510730743408,0.02943272888660431,-1.2301726341247559,-3.098937511444092,0.3116142153739929,0.5741519685624729,0.7873749540878995,0.9752261728146564,0.8307097154767741,0.6482343207197182,0.5495536483936879,0.548805180210022,0.5611818529627577,0.5441118728207456,0.5479368449840305,0.6151804978904272,0.549323769307224,0.5541891135619915,0.5798859430265964,0.5513474218712476,0.5510717719245505,0.5420925430274436,0.5545817152814513,0.5759478235010155,0.6155571325364648,0.5625284436364039,0.5515085800662509,0.5429525822212881,0.5732296206114026,0.5977839495577684,0.7014226143620239,0.6107399223521247,0.5846967505083213,0.5463312058432395,191116738370
100.76551055908203,202.36676025390625,50.031917572021484,0.47221502661705017,0.01376342587172985,-0.8813759684562683,0.08359237760305405,-0.9960711598396301,0.02923182211816311,-0.03503253310918808,-2.6719207763671875,2.299543857574463,0.5740840510887781,0.7873091015127702,0.9751638497617418,0.8309016632811096,0.6481390921281,0.549570031582092,0.5488067886293796,0.5612241138932549,0.5441107905193878,0.5479831544596406,0.6151464348088298,0.549334941313382,0.5542187309113447,0.5800160491919936,0.5513640519311406,0.5511184533306311,0.5420874503302268,0.5545972908295344,0.5760162562794974,0.6157600435678394,0.562580300367147,0.5515554353661173,0.5429587685108909,0.5733246395629517,0.5977584696622553,0.7004662292822478,0.6108523860872248,0.5841169532835689,0.546364691927349,191116747012
100.75521850585938,202.37599182128906,50.060272216796875,0.47218453884124756,0.013876884244382381,-0.8813905119895935,0.08321254700422287,-0.9961127638816833,0.028896087780594826,-1.169732928276062,1.0497790575027466,3.223656177520752,0.5740082898134173,0.7872274059256412,0.9751053244805158,0.8309757025725957,0.6480698851388774,0.5495897558078374,0.5488176710040817,0.5612960728273856,0.5441217078017732,0.5480344830507681,0.6151066400684054,0.5493381638232933,0.5542762004186186,0.5802183886776188,0.5514077973605982,0.5511694231688663,0.5420855518272086,0.554603226187401,0.5761674826088278,0.6160389152030874,0.562693366556879,0.5515724688767768,0.542969028766229,0.57335877888749,0.5978713375291328,0.6998165379527936,0.6111206774123394,0.5835540108886287,0.5463843101130528,191116755808
100.7635726928711,202.397216796875,50.07498550415039,0.47231075167655945,0.01424340344965458,-0.8813170194625854,0.08291925489902496,-0.9961532950401306,0.028338316828012466,0.9797521829605103,2.489283561706543,1.7257391214370728,0.5739319520071829,0.7872514135478367,0.9751634089310702,0.8310370664834433,0.6481300083763636,0.549624313685104,0.5488266028875723,0.5613326952732738,0.544109238921584,0.5480941313562749,0.6150994994333868,0.5493508417668528,0.554296660388155,0.5803258413412937,0.5514167043832372,0.5512160896353822,0.5420842261926049,0.5546146297385872,0.5762820070982172,0.6162254769448402,0.5627713579061723,0.5515763375744368,0.5429858972462919,0.5733850898544014,0.5979408173497188,0.6994068498791944,0.6112734219608954,0.5832043390178068,0.5463922570623081,191116764334
100.76219177246094,202.40211486816406,50.102806091308594,0.4725000262260437,0.014492245391011238,-0.881211519241333,0.08268682658672333,-0.996183454990387,0.027953099459409714,-0.15904225409030914,0.5648466348648071,3.2010488510131836,0.5739091776099597,0.7874404258151918,0.9752919517514738,0.831287449635289,0.6481884534000131,0.5496711449223967,0.5488257482816181,0.5613393274412165,0.5441012347084292,0.5481578012830369,0.6152175601696184,0.5493600703972624,0.5542826921381957,0.5803335754224507,0.5514219800510758,0.5512419957920297,0.5420918552023051,0.5546120853568999,0.5763128749834745,0.6163113455746158,0.5628204112449858,0.5515926370635121,0.543000051301148,0.5733946711581498,0.5979150535162217,0.6990797552102167,0.6113519236401967,0.5830110780877875,0.5463983344963844,191116773025
100.783447265625,202.45669555664062,50.130069732666016,0.4728017747402191,0.014939801767468452,-0.8810421824455261,0.08227428048849106,-0.9962368607521057,0.027258453890681267,2.4137442111968994,6.197864532470703,3.096074342727661,0.5738317532118312,0.7877153020804111,0.9754376760956402,0.8314629744779741,0.6481976349401811,0.549711449947084,0.54886285434385,0.5614392964717723,0.5441217554686096,0.5482032202279246,0.6152086082431439,0.5493653726824783,0.5543459316652888,0.5805586810908712,0.5515027433101177,0.5512946264460893,0.5420966553593569,0.5545944416132773,0.5764747115305973,0.616627359953309,0.562971280633904,0.5516120094946042,0.5430033717896691,0.5733400715893969,0.5981022569242861,0.6993109344769826,0.6116774375053288,0.5829069251054565,0.5463966595351553,191116781830
100.80306243896484,202.47518920898438,50.16617965698242,0.4732183814048767,0.015530968084931374,-0.8808082342147827,0.0820704773068428,-0.9962734580039978,0.02652582898736,2.295774221420288,2.164534330368042,4.225804805755615,0.5737334586600796,0.7880941506128121,0.9756203507798832,0.8315531863983832,0.6481909213935658,0.5497351769485177,0.54888438204733,0.5615031138335531,0.544145904377957,0.5482268528169126,0.6151147832115431,0.5493674532114223,0.5543994139664215,0.5807753476866223,0.5515775472200847,0.5513518318042679,0.5420990983037197,0.554588879556533,0.5766530415609663,0.6169540293622614,0.5631277345857268,0.5516271185893038,0.5430142998571675,0.5733105907806493,0.5982962555001854,0.6995817192131701,0.6119723182253248,0.5828412632550601,0.546382318058715,191116790375
100.81318664550781,202.4893035888672,50.18308639526367,0.4737170338630676,0.01614493876695633,-0.8805291056632996,0.08236199617385864,-0.9962621331214905,0.026043077930808067,1.1703485250473022,1.6315205097198486,1.953633427619934,0.5737076335666838,0.7885546321346908,0.9758347727914173,0.8316324800095966,0.6482009935340718,0.5497358305470522,0.5488701033778506,0.561568018637164,0.5441744804425431,0.5482871693719825,0.6150709247824943,0.5493543658632539,0.5544073122631327,0.5809438613557076,0.5516358233804795,0.5514273903949994,0.542100739507459,0.5545713932245416,0.5767718437645942,0.6172131759764206,0.5632523917349518,0.5516528224413227,0.5430256444229202,0.5733075721941002,0.598408843480005,0.6996364990560896,0.6121591187254953,0.5827443306274886,0.5463761286284601,191116799029
100.84921264648438,202.52967834472656,50.206363677978516,0.47427046298980713,0.01672573760151863,-0.8802202939987183,0.08260412514209747,-0.9962541460990906,0.02557724341750145,4.128048896789551,4.6253485679626465,2.667368173599243,0.5736854666917857,0.7888022272798283,0.975964152838206,0.8316256478618648,0.6482342713135495,0.5497297398299891,0.5488594683702013,0.5616027334817731,0.544188668621247,0.5483187534030467,0.6150104411791343,0.5493528435639485,0.5544333288977156,0.5810821681042097,0.5516799570966168,0.5514735691010721,0.5421043675281564,0.5545785250583191,0.5769620181939481,0.6174901220791045,0.563379389753896,0.5516417740974435,0.5430397205538469,0.5733535179111634,0.598710147885898,0.6998131808100982,0.6124423039637695,0.5825455526433428,0.5463847292116474,191116807756
100.87026977539062,202.53744506835938,50.214393615722656,0.4748353064060211,0.01729130744934082,-0.8799048066139221,0.08276084065437317,-0.9962537288665771,0.025083670392632484,2.4386446475982666,0.9010369181632996,0.9301963448524475,0.573715738654858,0.7889654546837651,0.9760854904486178,0.8314821191840647,0.6483468049884457,0.5497310638083845,0.5488612242995076,0.5616034760658258,0.5441735282476057,0.5483253358075266,0.6150225403931422,0.5493534424615005,0.5544490104081061,0.5811366421667973,0.5516677426316621,0.5514900935429639,0.5421040907972141,0.5545894615791761,0.5770693313174868,0.6176795227815575,0.563411726627613,0.5516528727197565,0.5430453758894236,0.5733929189515928,0.5988769207621552,0.6997797489217548,0.6125069710777801,0.5823707885578172,0.5463908590216693,191116816388
100.8740005493164,202.52198791503906,50.18498229980469,0.47530868649482727,0.017801934853196144,-0.8796389698982239,0.08297666162252426,-0.9962459802627563,0.02467423677444458,0.4293005168437958,-1.7770187854766846,-3.3803582191467285,0.5737326096498564,0.7891399788196665,0.9761802684000818,0.8313580108812934,0.6483953490948027,0.5497330203758748,0.5488649374797403,0.561647292315782,0.5441770171528687,0.548349021479348,0.6150226396734012,0.549349465876837,0.5544910344043594,0.5812819034377652,0.5516778791436336,0.55152445267341,0.5421071797084258,0.5545990955817187,0.5771912958730745,0.6179083681408566,0.5634706041483054,0.5516710289347805,0.5430497231039507,0.573443764905846,0.5990627724407475,0.6997548244507475,0.612657713968776,0.5821758156113689,0.5464039924350306,191116825088
100.91433715820312,202.57058715820312,50.196983337402344,0.4757705330848694,0.01823054440319538,-0.8793805241584778,0.08324211090803146,-0.9962310194969177,0.02438342571258545,4.593380451202393,5.533339500427246,1.366485595703125,0.5737616796961219,0.7892497031538132,0.9762405828452422,0.8311693959793306,0.6484401865101153,0.5497314822872664,0.5488548059375993,0.5616423078767622,0.5441736309495133,0.5483623713209828,0.6150403412502171,0.5493411922510215,0.5544961882785902,0.5813366107794802,0.5516667667447565,0.5515493282746424,0.542109556091537,0.5545953881770367,0.5772206923419934,0.6180360616311196,0.5634698025421462,0.5517060603250185,0.5430532562114068,0.5734761851770884,0.5991528476686293,0.699683907708166,0.6127107427202853,0.5820491462097972,0.5464146699590589,191116833870
100.93904113769531,202.59364318847656,50.18527603149414,0.47606566548347473,0.018303316086530685,-0.8792192339897156,0.08352438360452652,-0.9962048530578613,0.02448677085340023,2.8829264640808105,2.6908810138702393,-1.3663884401321411,0.5738522543302386,0.7892845572473585,0.9762365513510536,0.831087544710481,0.648437512233902,0.5497550133846845,0.5488465926161412,0.5616303832453592,0.5441659930869811,0.548395208853119,0.6152287804867406,0.5493510549899864,0.5544684998521858,0.5812608191894637,0.551624314152474,0.5515479235543704,0.5421122586531886,0.5546014196739255,0.5771469638609334,0.617988923141126,0.5634096549140162,0.5517414134035952,0.5430552033100637,0.5735477863004066,0.5991447460838424,0.6994321871073621,0.6126573323433504,0.5819317353249025,0.546430700576334,191116842439
100.9620132446289,202.57833862304688,50.15996551513672,0.476265549659729,0.018322501331567764,-0.87911057472229,0.0836833193898201,-0.9961893558502197,0.024573473259806633,2.64444637298584,-1.760979175567627,-2.913482427597046,0.5739076235324282,0.789300353933465,0.9762098034870561,0.8306791870775847,0.6484187443286896,0.5497742825909707,0.5488603535258847,0.5616725287688535,0.5441855446206627,0.5484072950763951,0.6153245411463886,0.5493526290966735,0.5544969245076729,0.5813716283198457,0.5516430647795689,0.5515794239954189,0.5421121689544238,0.5546102649533396,0.577189236538613,0.6181322351525286,0.5634324584680074,0.5517772789309427,0.5430585015420648,0.5735956306052132,0.5992073488953803,0.6992502639595582,0.6126325479302029,0.5817764414403765,0.5464361595044646,191116851126
100.96797943115234,202.55630493164062,50.12541198730469,0.4764108955860138,0.018513735383749008,-0.8790278434753418,0.08362612128257751,-0.9961998462677002,0.024341680109500885,0.6855186820030212,-2.5342857837677,-3.971953868865967,0.5739306927656324,0.7893929251671294,0.9762119030926423,0.8300583946912043,0.64839513160449,0.5497824993972631,0.5488689115739306,0.5617558325355876,0.5442171328770956,0.5484439028891602,0.6153290212534944,0.5493512054353229,0.5545630166862385,0.581621878318013,0.5516914689840694,0.5516449416522816,0.5421175452002093,0.5546383081861835,0.5773828185289989,0.6185191720579983,0.5635706612203538,0.5518200767046392,0.5430739225094738,0.5737044805087579,0.5994863738636768,0.6993929724574567,0.6128328350239741,0.5816160095120045,0.5464501821926565,191116859825
100.98603820800781,202.55482482910156,50.097007751464844,0.47635751962661743,0.018531305715441704,-0.8790563344955444,0.08365218341350555,-0.9961979389190674,0.02433006651699543,2.1033096313476562,-0.17253412306308746,-3.3078346252441406,0.5738895542827385,0.7894817784218314,0.9761390146323553,0.8293689609161851,0.6482189896654865,0.5497601082962866,0.5488581039966882,0.5618499155586663,0.5442639570055726,0.5484830532170917,0.615167506562691,0.5493340670021204,0.5546243522895955,0.5819075713919749,0.5517418028437249,0.5517272522202539,0.5421217933450453,0.5546489665832337,0.5775240507511046,0.6189028758679025,0.5636698264245906,0.5518944486744848,0.5430862583937633,0.5737658539234667,0.5997419811947091,0.6996713264501746,0.6130434542393336,0.5815473956493235,0.5464589070578293,191116868412
101.00897216796875,202.55264282226562,50.06324005126953,0.47619664669036865,0.01847951114177704,-0.8791446089744568,0.08387003093957901,-0.9961757063865662,0.024489469826221466,2.6255202293395996,-0.24820765852928162,-3.865910053253174,0.5738315200987796,0.7895125908508545,0.9760269418698202,0.8290612689283191,0.6479863068281259,0.5497314759559725,0.5488473130906908,0.5619526491258249,0.5442926816751322,0.5485313600644992,0.6149830355484394,0.5493250533667481,0.5546934497574805,0.5821698095559792,0.5517692636029019,0.5517961161327339,0.5421230970247032,0.5546805482870907,0.5776006044612612,0.6191907499696734,0.5637076887787752,0.5519790477026353,0.5430905953717222,0.5738771541075177,0.59989793821683,0.6998413923021878,0.6131054863896429,0.5815449919119308,0.5464859522475001,191116877147
101.03706359863281,202.5462646484375,50.041046142578125,0.4760124981403351,0.01839468628168106,-0.8792461156845093,0.08457980304956436,-0.9961042404174805,0.024950940161943436,3.256802558898926,-0.740325927734375,-2.57340669631958,0.5738074321075918,0.7896660695860269,0.9760019062978141,0.8288845986169691,0.6478188719495296,0.5496825064720436,0.5488008779145896,0.5620824012016737,0.5443427111199168,0.5486308016947331,0.614816290491614,0.5492857240388064,0.5547087972363395,0.5824138346182377,0.551795962946901,0.5518979363694543,0.5421216251674924,0.5546670494096326,0.5775653568232525,0.619420020935739,0.5637195739448251,0.5521058299547753,0.5430879848919304,0.5739325835429169,0.5998952590466428,0.6999322834328268,0.613120649437513,0.5816235983602958,0.5465104336251204,191116885771
