Palm Center x,Palm Center y,Palm Center z,Palm Direction x,Palm Direction y,Palm Direction z,Palm Normal x,Palm Normal y,Palm Normal z,Palm Velocity x,Palm Velocity y,Palm Velocity z,Thumb Deviation 1,Thumb Deviation 2,Thumb Deviation 3,Thumb Joint Angle 1,Thumb Joint Angle 2,Index Deviation 1,Index Deviation 2,Index Deviation 3,Index Joint Angle 1,Index Joint Angle 2,Index Angle from Prev,Middle Deviation 1,Middle Deviation 2,Middle Deviation 3,Middle Joint Angle 1,Middle Joint Angle 2,Middle Angle from Prev,Ring Deviation 1,Ring Deviation 2,Ring Deviation 3,Ring Joint Angle 1,Ring Joint Angle 2,Ring Angle from Prev,Pinky Deviation 1,Pinky Deviation 2,Pinky Deviation 3,Pinky Joint Angle 1,Pinky Joint Angle 2,Pinky Angle from Prev,Time Stamp
-133.21372985839844,265.392578125,32.640464782714844,0.057022999972105026,0.1557161808013916,-0.9861545562744141,0.11529779434204102,-0.9821799397468567,-0.14842164516448975,23.479244232177734,-7.556637763977051,36.60624313354492,0.7820006679790523,0.75430372278668,0.7341572849712964,0.5421231545331272,0.5413088801417506,0.5561817805113469,0.6266397530162617,0.7512488850307864,0.5810694596765552,0.5800116223704035,0.7162376285674626,0.5422218773030641,0.5945756892161537,0.732520404643581,0.5799350751147658,0.5933170941005347,0.5561580229594997,0.5644273834185835,0.5705803893328626,0.6475926851570534,0.564489160748155,0.5832761640882653,0.5613490485832398,0.637716861856269,0.6292616118351949,0.6708763383407946,0.556914155109502,0.5859882863488439,0.5675332711884122,166410547839
-132.9774169921875,265.3468017578125,33.00556945800781,0.056721676141023636,0.15691320598125458,-0.9859821796417236,0.11574704200029373,-0.9819464087486267,-0.14961223304271698,27.4658145904541,-5.319894313812256,42.4340705871582,0.7830601929786648,0.754467946336248,0.7328078021733214,0.5422345284837901,0.5414629842403116,0.5561323910325832,0.6268202677725523,0.7524231261083766,0.5814294404719379,0.580551950557657,0.7169198693333645,0.5423049182425451,0.5960811639762774,0.736300742338129,0.5808177248744445,0.594214735713842,0.5560979804640228,0.5639208777841943,0.5717288874356972,0.6526372976823622,0.5654540887524374,0.584514352177344,0.5607865478803118,0.6359632184991495,0.6281849484722718,0.6739391572556285,0.5580612327895411,0.5876841964466651,0.5670132334542781,166410556443
-132.7215118408203,265.3810119628906,33.376365661621094,0.05629528686404228,0.15876777470111847,-0.9857097268104553,0.11764635145664215,-0.9814522862434387,-0.1513630896806717,29.625398635864258,3.9626142978668213,42.92605209350586,0.7838643633488647,0.7546401238102423,0.7318396828118773,0.5423256419199985,0.5415939441529722,0.5562913328977617,0.6287981203422239,0.7570079011236664,0.5826646515061392,0.5816538699785262,0.7172420154824335,0.5424769247200338,0.5989553883545239,0.7423415978340541,0.5823873228596457,0.5952180959624317,0.5559788394419686,0.5633097948819878,0.5734641192201924,0.6597040296554877,0.5669813062997381,0.5861593712470761,0.5602724390025235,0.634019194099106,0.6271842305882387,0.6783899001424407,0.5596792046273907,0.5898894041701999,0.5664926141362412,166410565081
-132.49327087402344,265.4371643066406,33.74747848510742,0.05598216503858566,0.16060103476047516,-0.9854305386543274,0.1199069395661354,-0.9809163808822632,-0.15305344760417938,26.356416702270508,6.482999801635742,42.85372543334961,0.7844199682280056,0.7550841515969187,0.7312494442179791,0.5423506624038237,0.5417229057446449,0.5567924466113285,0.6330797400910125,0.765728918533646,0.584885467019041,0.5834082417300482,0.7170705761471458,0.5427415220831616,0.6035474237747638,0.7522005536559316,0.5848857819181688,0.5970519412903591,0.5557937178534376,0.5626298748221058,0.5758783095931134,0.6689763799384075,0.569083906047274,0.5883225140914612,0.5599359746673599,0.6322747869281875,0.6268292776492156,0.6850942419748317,0.5619139510672899,0.5927297632531422,0.5661681288375614,166410573741
-132.21803283691406,265.5179748535156,34.11646270751953,0.05542204901576042,0.16195304691791534,-0.9852408766746521,0.12169498205184937,-0.9804964661598206,-0.15432754158973694,31.412193298339844,9.221159934997559,42.11186981201172,0.7847786016490556,0.7550323444266338,0.7297429572581238,0.5424146278679081,0.5419104597327821,0.5574229681718577,0.6376086956935438,0.7744709780980563,0.5870718249763456,0.5850851499371046,0.7165608187234075,0.5430091341768339,0.6081883049926875,0.7627776257202189,0.5874581996982288,0.5994391666301392,0.5557105775670789,0.5621085567999349,0.578170186707382,0.6775295679061977,0.5709555324945874,0.5904489058124639,0.5597692292213122,0.6309065295919721,0.6267048765647911,0.6910253346153457,0.5639098278974514,0.5952357647442066,0.5659161718298245,166410582503
-131.93455505371094,265.5879211425781,34.46969985961914,0.05542948842048645,0.16266125440597534,-0.9851238131523132,0.1239064559340477,-0.9801346063613892,-0.15486566722393036,31.893409729003906,7.871270179748535,39.74345016479492,0.7847080391895109,0.7542117634567009,0.727133851179656,0.5425192925188266,0.5421502517489403,0.5581581182363285,0.6422757795526148,0.7830393388074232,0.5891805222648389,0.5866524688683786,0.7157154006879081,0.5433222884927515,0.6126980835791502,0.7727291118637409,0.5898134998792853,0.6016946329377436,0.5557269571315251,0.5617626054466822,0.5801679027263432,0.6847611547802197,0.57253528502951,0.5923200182185219,0.5597770728244017,0.629948767805233,0.6266812216927959,0.6957662521747976,0.5655620641967295,0.5973018423866518,0.5657285466547419,166410591391
-131.6271209716797,265.6755065917969,34.79550552368164,0.05523395910859108,0.16349293291568756,-0.9849970936775208,0.1254257708787918,-0.9798247814178467,-0.1556011438369751,35.89087677001953,10.222821235656738,38.03470993041992,0.7850760828826916,0.7538279383847419,0.724596659830794,0.5426374450632608,0.5424721475498117,0.5586503841075148,0.6460104660420004,0.7905780329931582,0.5911392223030131,0.58838881617108,0.7152692287327048,0.5435481689323113,0.6163485434693363,0.7815406725553787,0.5919165276517377,0.6041349335328755,0.5558237385553481,0.5616004250781546,0.5820275430630896,0.6914590734290209,0.5739995453280395,0.5942250940674435,0.5597655176370654,0.6294066957793021,0.6269989629372184,0.7002853528845164,0.5671123938109294,0.5991768236236344,0.5655922444093499,166410599957
-131.32203674316406,265.7845153808594,35.053531646728516,0.055809736251831055,0.1626301258802414,-0.9851074814796448,0.12697474658489227,-0.9797902703285217,-0.15455876290798187,35.921348571777344,12.83574390411377,30.38096046447754,0.7853143376862093,0.7526980399568325,0.7209763276622542,0.5428381765592963,0.5428639572434314,0.5585987719827331,0.6476872552612821,0.7956207969986099,0.5925798543877439,0.5901888030628474,0.7153846546911525,0.5435682988549825,0.6178621286433038,0.7872821368067751,0.5932320600378647,0.6066099716191147,0.5559847787955919,0.561706822976774,0.5830816083610353,0.6961324714341666,0.5750481434900523,0.5960922728703973,0.5596752588642615,0.6295753378207377,0.6272921623719884,0.7036122631990002,0.5682943416827116,0.6011607978701063,0.5655732893489916,166410608450
-131.0470428466797,265.9332275390625,35.27710723876953,0.05600008741021156,0.1614416241645813,-0.9852921366691589,0.12865309417247772,-0.9797806143760681,-0.15322643518447876,31.67054557800293,17.129535675048828,25.748645782470703,0.7861025065473244,0.7522035388520074,0.7181784123820625,0.5430520078633,0.5432778168316539,0.5584132455996335,0.6490758042319964,0.7999223504273709,0.5940510268880234,0.5917746523223938,0.7161041656917208,0.543493016577343,0.6182820656019892,0.7903208015865801,0.5940443118987871,0.6083104172539027,0.5561461166971042,0.5617608903725959,0.5837194467916229,0.6994961440929897,0.5759923662997788,0.5975697639409169,0.559472730380297,0.6296443253843946,0.6270793485577993,0.7055431301845586,0.5692943359924719,0.6028004891082687,0.5655543190823458,166410617133
-130.74098205566406,266.1103210449219,35.520057678222656,0.05651741847395897,0.16079135239124298,-0.9853689074516296,0.13072527945041656,-0.9796416163444519,-0.15235881507396698,35.240516662597656,20.38983917236328,27.973291397094727,0.7867710165112954,0.7519924428096124,0.717100327824226,0.5431906993770735,0.5434308872249314,0.5580626959603641,0.6493491032663389,0.8017654161587634,0.595004449060427,0.5926928273855167,0.7170017925391409,0.5433756189124097,0.6176076096875691,0.7902439718469175,0.594182233378469,0.6089220969246898,0.5563080139714015,0.5617484820705005,0.5843087513691974,0.7018300516389036,0.576732129492121,0.5983469455254644,0.5589926242306684,0.6291294381189849,0.6268717352973247,0.7082247239912768,0.5703763321812095,0.6043823635413138,0.5652754281097713,166410625818
-130.4234161376953,266.24395751953125,35.785362243652344,0.05685659497976303,0.16177788376808167,-0.9851879477500916,0.1325807422399521,-0.9792681336402893,-0.1531543731689453,36.66647720336914,15.428741455078125,30.632131576538086,0.7874747081501078,0.7519863272640349,0.7166251654768119,0.5433162289383296,0.5435276093340857,0.5576747411745522,0.6489850162429228,0.8016025047556841,0.5953895611933236,0.5928168489158636,0.7182355534919135,0.5432016508756254,0.6153506725996111,0.7858829648216218,0.5932464886659102,0.6081024239391556,0.5564181269023084,0.5616533341421692,0.5842356871238461,0.7010789306845947,0.576791665806715,0.597817029150219,0.5583841790467746,0.6280970506303818,0.6263301291790188,0.7092905582308232,0.5710688569327002,0.6047281369780099,0.5647934911272006,166410634479
-130.09365844726562,266.3177795410156,36.010372161865234,0.05660615116357803,0.16426536440849304,-0.9847906827926636,0.13349401950836182,-0.9787606000900269,-0.15558625757694244,38.2321891784668,8.557868003845215,26.08841896057129,0.7878799338677472,0.7525278743956032,0.7176469215602523,0.5432783796740187,0.5434172655110151,0.5575646482537452,0.6483894851215324,0.8000333752443823,0.5950210716018983,0.5922605825678853,0.7192163717329496,0.5431076526802536,0.6127479057008485,0.7798435856223522,0.5916263746885816,0.6065043969294106,0.5565927052391616,0.5615632404367834,0.5832958588141177,0.6964458904087782,0.5758423834294368,0.5957963487371847,0.5579638765739097,0.6270489065018731,0.6252923922059089,0.7067960024594432,0.5708947493328032,0.6031933489951666,0.5643027917301628,166410643104
-129.76519775390625,266.439208984375,36.2756233215332,0.057557541877031326,0.1651494950056076,-0.9845876097679138,0.13232384622097015,-0.9787833094596863,-0.15644045174121857,37.820003509521484,13.983675956726074,30.541086196899414,0.7880940451047631,0.7524413927008687,0.7170023345520032,0.5432945155601525,0.5434763367903926,0.5576737749677774,0.6482071539435285,0.7986520071818892,0.5945382562128996,0.5915276381517484,0.7199085567150855,0.5431771218195536,0.6118830193029406,0.7768341775669394,0.5906981983485328,0.605319254689203,0.5567186969811538,0.5615582863624842,0.5829100727694916,0.693719000493092,0.5751411463184971,0.5944496608841378,0.557824826936875,0.6266297738252745,0.6249024160613613,0.7044040126866987,0.5705233302730741,0.6014007235188767,0.5640726525995813,166410651789
-129.4687957763672,266.54681396484375,36.521793365478516,0.0580625981092453,0.16710835695266724,-0.9842273592948914,0.13180701434612274,-0.9785431027412415,-0.15836754441261292,34.003047943115234,12.342025756835938,28.240219116210938,0.7877220122417268,0.7522353685381944,0.7171260177560308,0.5432289018089963,0.5433692585744875,0.558154658271318,0.6500366420327891,0.8000758756987318,0.5947663364742622,0.591007733095703,0.7200160980592405,0.5433771620315807,0.612626134308678,0.7763918815039242,0.5904690530834602,0.6043177296303253,0.5567758181568631,0.5614623137541772,0.5832451541671723,0.6932454810898641,0.5749829640834756,0.5936041562294374,0.5577922255442703,0.6262149395759099,0.6248953856734731,0.7036122590621989,0.5704100708669644,0.6002494257735403,0.5639394332641479,166410660506
-129.1870880126953,266.7413330078125,36.729820251464844,0.05864289775490761,0.16834089159965515,-0.9839829206466675,0.1319577842950821,-0.9783371090888977,-0.15951064229011536,32.67147445678711,22.560665130615234,24.12773895263672,0.7874677009237379,0.7518092630394009,0.7167617002816685,0.5432328211468078,0.5433287569954596,0.5582366758453019,0.6510111690952539,0.8014064622470012,0.595123713989123,0.5910543518214689,0.7203234154513277,0.5435436031765707,0.6141389510969663,0.7789884494129459,0.5910937537110892,0.6046324145641327,0.5566405318029763,0.5613717451529702,0.5844916674896079,0.6967451574410439,0.5757564566192502,0.5942651006268166,0.5576405349820226,0.6259673172138763,0.6253993599952159,0.706053057992836,0.5712184706414902,0.600805375033588,0.5638986374653102,166410669128
-128.9493865966797,266.93255615234375,36.97083282470703,0.058427371084690094,0.16870777308940887,-0.9839329123497009,0.1306648552417755,-0.978429913520813,-0.1600051373243332,26.868408203125,21.61595916748047,27.241884231567383,0.787168794632109,0.7513119716676783,0.7161329727977191,0.5432419341481369,0.5433256172706995,0.5583420614753042,0.6514862657180631,0.80189471944969,0.5952322273332474,0.5909970840666037,0.720068904540919,0.5435187143531837,0.6136239829792668,0.7781781796692633,0.590807958603909,0.6045825028163835,0.5567953285630985,0.5613383804265967,0.5849348888659737,0.6980079899811947,0.5760439834928268,0.5945163873330652,0.5574607386715792,0.6259978211606271,0.6256389745192593,0.7070730198198475,0.5717634593021612,0.6009932588764472,0.5639536281508059,166410677975
-128.70692443847656,267.13092041015625,37.17710494995117,0.058428436517715454,0.16836561262607574,-0.9839914441108704,0.130062535405159,-0.9785578846931458,-0.15971292555332184,28.279773712158203,23.136592864990234,24.058143615722656,0.7868139989632075,0.750965129644112,0.716005326031,0.5432295611437781,0.5432749932952725,0.5584661907579265,0.6513747746041072,0.8008355246524734,0.5948392284019599,0.5904267945976048,0.7197915088737405,0.543454497013968,0.6121519684032092,0.7745089422074907,0.5898262749352788,0.6035249857481935,0.5569220312444043,0.5612875607174229,0.5847567327831016,0.6967178673263058,0.57572673145607,0.5938324194162137,0.5573255106524767,0.6259676970984739,0.6255086870020445,0.7057331420802763,0.5716209808339621,0.5999710945925106,0.5639935222453075,166410686549
-128.42617797851562,267.2430725097656,37.33509063720703,0.05877463147044182,0.16755779087543488,-0.9841086864471436,0.13076052069664001,-0.978611409664154,-0.15881231427192688,32.426448822021484,12.951148986816406,18.247407913208008,0.7862475379265569,0.7499898597989154,0.7146768027290006,0.5432841013198693,0.5433263621351414,0.5584691019616026,0.6516372537254879,0.8012982513608796,0.5949581205487094,0.5905017311647905,0.7194416354490002,0.543364133522927,0.6109826729492479,0.7724642965538585,0.5892767657381998,0.603282967618509,0.5570575463282977,0.5612579569529695,0.584713930736717,0.6967628956989286,0.575722149837988,0.5938993482223878,0.5571369135870069,0.6258521656814213,0.6254199890788018,0.7063199539002472,0.5719449629157393,0.6003049472572876,0.5639602781444677,166410695207
-128.1057891845703,267.3291320800781,37.502864837646484,0.05953095480799675,0.16640515625476837,-0.9842588305473328,0.1319766789674759,-0.978663980960846,-0.15747690200805664,37.123931884765625,9.97327709197998,19.440505981445312,0.785928363385888,0.7492265921366804,0.7140559015895864,0.5433695135010735,0.5433201652506696,0.5581270486733381,0.6507631304758283,0.8002592806377978,0.5948523709318754,0.5904764250464963,0.719542339465508,0.543220400649926,0.6092556148600923,0.7690938467560434,0.5885780301100219,0.602713169326843,0.5571066754981088,0.5612678571311275,0.5844769854582312,0.6960010979396188,0.5755856226108158,0.5936971161151672,0.5568385207009189,0.6255570229599524,0.6252222101766142,0.7068052954188213,0.5722742028924387,0.6005382646904962,0.5637814218284568,166410703837
-127.8123779296875,267.4239807128906,37.655181884765625,0.05976984649896622,0.16561435163021088,-0.9843776822090149,0.13294878602027893,-0.978675901889801,-0.15658262372016907,33.45297622680664,10.81477165222168,17.366098403930664,0.7855130192838434,0.7485532119727749,0.7139612344699302,0.5434237477261832,0.5432354928067638,0.5578715077749051,0.6505339443614339,0.8000092520753801,0.5949636823084118,0.5904360126605908,0.7197679193440093,0.5430739169951521,0.6074147819505634,0.7649249847979448,0.5878334971424982,0.6017462578273216,0.557171989441097,0.5612592302782581,0.583877006571271,0.6940307145413961,0.5753514948659049,0.5931154160629573,0.556558133439199,0.625162404234294,0.6247356105429493,0.7065748054128698,0.5724870954033444,0.6006317536739136,0.5635661670198598,166410712608
-127.51890563964844,267.52093505859375,37.80585861206055,0.06005334109067917,0.16542601585388184,-0.9843921065330505,0.13319437205791473,-0.9786811470985413,-0.15634070336818695,33.60859680175781,11.102202415466309,17.25580596923828,0.7853134637631343,0.7479699576393376,0.7135208063212786,0.5435453837519805,0.5432771063737851,0.5572745141269193,0.6482632187651903,0.7968768433844217,0.5943048305203741,0.5901668816954275,0.7198706264322071,0.5427855416892355,0.6038377385914896,0.7578313156135601,0.5864258850084848,0.6005909119941377,0.5573647358348416,0.5614675172815222,0.5820214561195509,0.6878231118180403,0.5742138232256194,0.5914877578350423,0.556340551375672,0.6252053894698727,0.6239284259444436,0.7031466179490387,0.5717982372015655,0.5993648769561877,0.5633772825733819,166410721340
-127.26606750488281,267.7174377441406,37.963096618652344,0.06015511974692345,0.16612590849399567,-0.9842680096626282,0.13281041383743286,-0.9786189198493958,-0.15705552697181702,29.60671043395996,23.011497497558594,18.4117488861084,0.7851360757582352,0.7479052135103308,0.7136573601870329,0.5435514100396269,0.5432693606482543,0.5570488116302484,0.6464871429302511,0.7932805536940171,0.593319231761906,0.5892886031173188,0.7197963618174456,0.5426819077910149,0.6018545119930769,0.7524507932767501,0.5853508706211145,0.5990372905552636,0.5574367543892597,0.5615707825361417,0.5805731230489869,0.6822805563523829,0.5731238191556057,0.5897382959018619,0.5563267299076833,0.625247006755982,0.6231594967941045,0.6983484031734958,0.5707235795304109,0.5970331663227904,0.5633049429301449,166410729880
-127.00833129882812,267.94281005859375,38.12993240356445,0.060135580599308014,0.16794316470623016,-0.983960747718811,0.13243018090724945,-0.9783732891082764,-0.15889590978622437,29.965089797973633,26.20281982421875,19.39737319946289,0.78494714893618,0.7481721967109977,0.7146432240966115,0.5434733159149684,0.5431420222910753,0.5569602842145076,0.6456126802408587,0.7912671940036851,0.5927023029728837,0.588700607196093,0.7199284410767527,0.5427555589408982,0.6017334521261162,0.750592966705186,0.5849869972768985,0.5979673556372224,0.557351781790115,0.5616520284295772,0.5801673435586352,0.6802777855268636,0.5726548466643159,0.58899760614165,0.5563785529167206,0.6253322583811827,0.622898272868881,0.6952987924322827,0.5698765310346734,0.5953462703428274,0.5632691286221734,166410738481
-126.79589080810547,268.1836853027344,38.2719841003418,0.06001319736242294,0.16994459927082062,-0.9836245179176331,0.13151656091213226,-0.9781565070152283,-0.16097573935985565,24.310115814208984,27.562843322753906,16.25515365600586,0.7843648066376655,0.7482339779500402,0.7157770858702606,0.5433452209245282,0.5429388693759472,0.5571786811747097,0.6461857564056067,0.7914931090009769,0.5925788197997197,0.5883975657920753,0.7196585601364687,0.5429839765531779,0.6036859462658505,0.7532332677275275,0.5855052175138982,0.5977756383364327,0.5571038007855488,0.5616324652526575,0.5805248407797009,0.6812666580041772,0.5727979072695013,0.5891793081209672,0.5566262299756815,0.6256272258351974,0.622977479558871,0.6939838245504267,0.5694308326668739,0.5946186332288025,0.5634431563971839,166410747220
-126.5887222290039,268.55181884765625,38.45708465576172,0.06084783747792244,0.17005081474781036,-0.9835548996925354,0.13107313215732574,-0.9782091379165649,-0.16101770102977753,23.768775939941406,42.23750305175781,21.236499786376953,0.7835640002185776,0.748083340135687,0.7173938426239527,0.5432268867135555,0.5426420228406229,0.5572644794253852,0.6455426805404031,0.7890257644706036,0.5917889068863924,0.5873847970432999,0.7192888715627812,0.5432140610037455,0.6052016835693322,0.754792540233084,0.5856606528061369,0.5973247001915855,0.5567613044737914,0.5614850721391877,0.5813670541872709,0.6829835601047218,0.5730286692426012,0.5891171189258726,0.5566475490856722,0.6254484063453679,0.6232744527215118,0.6942143184740478,0.56943174605421,0.5940602647471035,0.5634888543655097,166410755936
-126.37621307373047,268.8768615722656,38.624122619628906,0.061387818306684494,0.16997477412223816,-0.9835345149040222,0.13210844993591309,-0.9781071543693542,-0.16079118847846985,24.615747451782227,37.65071487426758,19.348779678344727,0.7826845190791409,0.7478817360800127,0.7189112737523252,0.5431056140585381,0.5423729521681323,0.5573219806879869,0.6454082362027423,0.787802103938043,0.5914152034519904,0.5867335693350332,0.7189121250722468,0.5432818750427149,0.605489277343745,0.7550709587042039,0.5855680109859219,0.5972279922834689,0.5566071927880855,0.5613723129360497,0.5818048079301972,0.6841079068114421,0.5731606453852565,0.5892223427311425,0.5565553727383508,0.6252847189346235,0.6234935137148907,0.6950256309864629,0.5696051723538744,0.5940699981029336,0.5635149407419007,166410764569
-126.1895523071289,269.1545715332031,38.75593185424805,0.06236345320940018,0.16889499127864838,-0.9836591482162476,0.13381947576999664,-0.9780932068824768,-0.15945523977279663,21.489334106445312,31.971946716308594,15.175132751464844,0.7817969329460903,0.7475883510906064,0.720234790668417,0.5430181459851481,0.5421497107591342,0.5570787365486956,0.6441918665782407,0.7853199871542478,0.5908797761693837,0.586138630314832,0.7184517618382839,0.5432193328336821,0.6045210586474847,0.7535116577459537,0.5851159904689857,0.5971602059815071,0.55658406809783,0.5614745545830224,0.5814831965305799,0.6833035255561226,0.5728515075687144,0.5892033007567183,0.5565044329610778,0.6256470449398301,0.6235178462528571,0.6941204077644832,0.5693847338743319,0.5936650886030341,0.5636097506759802,166410773255
-125.97034454345703,269.3770751953125,38.875518798828125,0.06345239281654358,0.16755114495754242,-0.983819305896759,0.13493213057518005,-0.9781941771507263,-0.15789057314395905,24.452129364013672,24.819704055786133,13.339396476745605,0.7810466681411307,0.7470674262829677,0.7210327164348371,0.5429747507455331,0.5419685712861564,0.5564140656776239,0.6412656523305822,0.7809334938559334,0.5900071054490201,0.5857000112867594,0.7180757691564672,0.5430325646456969,0.6023392451275795,0.7501530393776819,0.5843440825641643,0.5971263467305707,0.5566479696718988,0.5616545978924106,0.5810818053407282,0.6824935935487539,0.5725987198902479,0.5893444445838273,0.5562578890208827,0.6258714844003872,0.6235422872053072,0.6944570333074241,0.5694861493196619,0.5940734776287976,0.5635489875957631,166410782220
-125.7351303100586,269.5623474121094,39.0024299621582,0.06330004334449768,0.1672634780406952,-0.9838780760765076,0.13441720604896545,-0.9783011078834534,-0.15766732394695282,27.84518051147461,21.932544708251953,15.0243501663208,0.7808956996370654,0.746798124535408,0.7202181117811075,0.5429666783517204,0.5420205112186155,0.5561362225325903,0.6396560453493159,0.7788857601583958,0.5895998241526295,0.5857337249362303,0.7176233619771961,0.5428366313206928,0.6000634644923164,0.7470375063353621,0.5835481729217655,0.5973665489723101,0.5570717270160175,0.5619250448898166,0.5799919898536587,0.6797106677934237,0.5719262761425765,0.5891618532971361,0.5562334976912205,0.6264829230680443,0.6231062218025417,0.6922600627045739,0.5689685326983396,0.5938313302273868,0.5636165769259103,166410790667
-125.55957794189453,269.79595947265625,39.10971450805664,0.0636705607175827,0.16719502210617065,-0.9838657975196838,0.1334993988275528,-0.9784324169158936,-0.15763232111930847,20.35635757446289,27.087806701660156,12.440069198608398,0.7807901743428816,0.7460169504202614,0.7185750222997612,0.5430617939056309,0.5421298113596592,0.5558292863142854,0.638287233415103,0.777029385993684,0.5892992501364891,0.5856757137433317,0.7175937887005237,0.5427963410681798,0.5996841287094029,0.746648308036742,0.583534908752802,0.5975010546141947,0.5570767607599608,0.5619766786384351,0.5797508093139421,0.6794209089714157,0.5718553525234273,0.5893376600844533,0.556184017673896,0.6264387784354919,0.6225479992355297,0.6911415509526811,0.5687795734126423,0.5939139862367528,0.5635396635996873,166410799291
-125.34611511230469,270.0072021484375,39.22010803222656,0.06424354016780853,0.1667783260345459,-0.9838992357254028,0.131833016872406,-0.9787132143974304,-0.1572912335395813,24.896474838256836,24.636518478393555,12.87534236907959,0.7808190426598095,0.7451220890026065,0.715854280640742,0.5432156256029405,0.542394456189831,0.5555780208730098,0.637615591712919,0.7771520234689938,0.5894688466699254,0.5862664649206533,0.717472659813892,0.5427513250615034,0.5994917212286894,0.7476668817332576,0.5838471867140342,0.5983754216371298,0.5572622162203243,0.5622889106218046,0.5790037653470056,0.6781148188893039,0.5716615887961325,0.5897173144749317,0.55636570481613,0.6272542273008309,0.6221109224264786,0.6890445381176019,0.5682814974772072,0.5941120607578828,0.5636800238949005,166410807865
-125.1807632446289,270.1922607421875,39.307003021240234,0.0643199011683464,0.1674126237630844,-0.9837865233421326,0.12980154156684875,-0.9788564443588257,-0.15808725357055664,18.58087730407715,20.798372268676758,9.764816284179688,0.7807336706335726,0.7442183208192283,0.7129850375728255,0.5433368833322875,0.5426830591567243,0.5555561603498577,0.6380512084333972,0.7791241651657719,0.5900634137465388,0.5871354630553902,0.7170619105034677,0.5426764370040179,0.5990546654551063,0.7482487564692053,0.5840560146111736,0.5992091736810061,0.5575959894880071,0.5626730206936053,0.5778825347499799,0.6755692064312082,0.5712634036560014,0.5898373184692743,0.5566814597132345,0.6281861131939973,0.6217463398160877,0.6865867606800757,0.5676228128163908,0.594151512285387,0.5638275706447309,166410816764
-125.01313781738281,270.5111999511719,39.473567962646484,0.06442692875862122,0.16847547888755798,-0.9835980534553528,0.1281536966562271,-0.978881299495697,-0.15927332639694214,19.30523109436035,36.72972869873047,19.1826114654541,0.7804614393174742,0.7432861311159212,0.7109531840217767,0.5434486606855156,0.5428639491530937,0.5555952043464905,0.6387554244578973,0.7806934112036549,0.5906063357543874,0.5875454209021651,0.716633047769962,0.5426842451945637,0.5992255420114718,0.7484232525260393,0.584266081124601,0.5991607907125618,0.5577296367564545,0.5627993762504014,0.5775723524180529,0.6749635283394703,0.5712864446526323,0.5899340021065582,0.5567955768010323,0.6283085802230224,0.6214585264552226,0.6857421240776607,0.5674308427984219,0.5942638249986969,0.5637795243672241,166410825447
-124.8792953491211,270.8380432128906,39.613861083984375,0.0647808238863945,0.1686612218618393,-0.9835429787635803,0.12608599662780762,-0.9790975451469421,-0.15959428250789642,15.757413864135742,38.47815704345703,16.51704216003418,0.7804873144392576,0.7425011454583621,0.7087672884934384,0.5436130422727216,0.5431278310918639,0.5554943165603755,0.6393088853835562,0.7824930619801186,0.5912216048900825,0.588181653026219,0.7166908924524049,0.542704169471381,0.6000282307046662,0.7500135227393814,0.5848093084904322,0.599386801158466,0.5575477472747463,0.5626971699578663,0.5779710541932631,0.6772202197524072,0.5718644915041213,0.5908116385979283,0.5567727759862444,0.6278359698257189,0.6213341759329438,0.6876147842365433,0.5678112188108094,0.5954969922226234,0.5636264040962002,166410833941
-124.74628448486328,271.2244873046875,39.77043151855469,0.06578444689512253,0.16840878129005432,-0.9835196733474731,0.12500940263271332,-0.9792799949645996,-0.1593213528394699,15.054767608642578,43.7407341003418,17.721656799316406,0.7802797477345624,0.741880393805681,0.7076021779051087,0.5437031318247025,0.5432447986064263,0.5553189364948861,0.6394868842535696,0.7834716130774276,0.5916163587081128,0.5885962732049886,0.7168138131005009,0.5427646399850177,0.6012232732273326,0.7524117399267785,0.5854911921922522,0.5997570536298408,0.5572253713793357,0.5625676613247474,0.5787475464544031,0.6802663480817263,0.5726282174085876,0.5916802959656633,0.5567077882031162,0.6273731529779976,0.6215923110363311,0.6903160997839548,0.5684808834481457,0.5965660100686534,0.5634972913844177,166410842776
-124.56865692138672,271.53173828125,39.92453384399414,0.06578279286623001,0.1696852296590805,-0.9833003282546997,0.12497388571500778,-0.9790763854980469,-0.16059556603431702,20.744098663330078,35.88334655761719,17.996240615844727,0.7800705005546966,0.7419930208924989,0.7083889723496132,0.5436678095072538,0.543148235919563,0.5553212635460892,0.641544504330646,0.7873640093610164,0.5928517568318777,0.5892973249313253,0.7173093680341487,0.542876976833497,0.6032613829337642,0.7563367921061712,0.5866524456575694,0.6003064050400515,0.5568694733391272,0.5623713360900613,0.5797090455129958,0.6837551691426438,0.5735840753591537,0.5925362620862817,0.5566143928586024,0.6267256915414823,0.6217420868021357,0.6936520717264827,0.5693717994394137,0.598066787327119,0.5633329642685472,166410851339
-124.41535949707031,271.8251953125,40.05192565917969,0.06632792949676514,0.1709006428718567,-0.9830532073974609,0.12551288306713104,-0.978826105594635,-0.16169725358486176,17.8193416595459,34.10921859741211,14.807722091674805,0.7801595508358979,0.7424700003435858,0.7095265196644275,0.5436058391845686,0.5430379648822926,0.5552141850356445,0.6426238374699799,0.789427633302037,0.5935760959421984,0.5896508170074862,0.7181982412335781,0.5430264653975945,0.6052222572395585,0.7600950450853579,0.587581970376314,0.6008515912012476,0.5564201321620055,0.5622075984992316,0.5807964329768661,0.6874653312352924,0.5745004045305254,0.5934321805607116,0.5565472188563433,0.6263110461191707,0.6221342840701665,0.6968658015722949,0.5702451104631994,0.5992957536076359,0.5632588016501047,166410859942
-124.27140808105469,272.05255126953125,40.232704162597656,0.06697234511375427,0.17171348631381989,-0.9828678369522095,0.1252388209104538,-0.9787352681159973,-0.16245776414871216,16.605249404907227,26.227331161499023,20.853622436523438,0.780095316483651,0.7426465203470922,0.7100401538218482,0.5435569037291345,0.5429726325806433,0.5550798660319413,0.6428956482573247,0.7900480965050488,0.5938588334124223,0.5897715858635194,0.7186874243270182,0.5430754114427728,0.6059412469066932,0.7617113547303686,0.5879941031778221,0.6012180495591957,0.5561855261063088,0.5621713518919937,0.5811379677262489,0.6886876048598225,0.5748524248890716,0.5937586129822219,0.5565133090176192,0.6263798026673217,0.6223629855166052,0.6978793653263715,0.5706668721714129,0.5996149142094126,0.563332067914884,166410868611
-124.1017837524414,272.31005859375,40.34690475463867,0.06736353784799576,0.17295090854167938,-0.9826241135597229,0.12596513330936432,-0.9784548282623291,-0.16358156502246857,19.670467376708984,29.86247444152832,13.243561744689941,0.7800838354658018,0.7431988945770996,0.7114666435742569,0.5434349602165164,0.5428006439054912,0.5551049569856823,0.6435209380028385,0.7905540339832737,0.5940375210132778,0.5895604527682332,0.7193213169921144,0.54321426931862,0.6072976581378239,0.7638451908159759,0.588501094937522,0.6013119006653523,0.5559518289703089,0.562049100365897,0.5818523942757129,0.6903867278664251,0.5752526690593159,0.5938495136091021,0.5564335037105241,0.6261623964843858,0.622574802655923,0.6991863549184737,0.5711896967008552,0.5998351539256609,0.5633234439419649,166410877234
-123.96321868896484,272.4888000488281,40.455467224121094,0.06817979365587234,0.17388591170310974,-0.9824027419090271,0.12547951936721802,-0.9783693552017212,-0.1644635945558548,15.83588695526123,20.428098678588867,12.406932830810547,0.7803474491863754,0.7438154649362203,0.712868990707863,0.5433626892899802,0.5426615280154243,0.5548421863226902,0.6426562808335426,0.7889089495394513,0.5936840135721748,0.5891626502013395,0.7203091755117333,0.5433653134031714,0.6085813462503471,0.7658304073453568,0.5889992800455742,0.6013989502509303,0.5556286986589625,0.5620761269151219,0.5827274197241201,0.6921000566991796,0.5755883292449162,0.5938656785529092,0.5563676929397335,0.6263306445880544,0.6231748286201021,0.7000421850282015,0.571518670194427,0.5994810628979288,0.5633756791792833,166410885984
-123.83181762695312,272.6532287597656,40.52916717529297,0.06903707981109619,0.1743219941854477,-0.9822655916213989,0.12529873847961426,-0.9783329367637634,-0.16481763124465942,15.15474796295166,18.963220596313477,8.499640464782715,0.7803549443229016,0.7439853317553408,0.7134992284193785,0.5433330817601509,0.542587053691986,0.5547981243331519,0.6420296986098879,0.7870338953863613,0.5931233394072913,0.5884802711537017,0.7207497352185932,0.5435122263343454,0.6095179357184273,0.7669341738741894,0.5891375184151667,0.6012361644520641,0.5554182238007159,0.5621237230952499,0.5831567573919886,0.6920669022297443,0.5754618829198649,0.593319298728925,0.5564329143853886,0.6265870346334511,0.6235703428290846,0.6991807849777563,0.5713259085747286,0.5983267021438071,0.563460589997656,166410894655
-123.76171875,272.804931640625,40.637001037597656,0.06944230198860168,0.1755012571811676,-0.9820270538330078,0.12475164234638214,-0.9782035946846008,-0.16599635779857635,8.139533042907715,17.613840103149414,12.521641731262207,0.7803065446854959,0.7442570716107461,0.7148132651824802,0.5432762072765778,0.5424256038773608,0.5546382032761551,0.6408689547728466,0.7841052283446054,0.5923330512503147,0.5875604906630318,0.7213337020909377,0.5436823026885093,0.6104981873923668,0.7677555352977001,0.5892617974998544,0.600856283307842,0.5551276670291342,0.5621343682554433,0.5837590983059928,0.6923891208402524,0.5754339173771829,0.5927556028874563,0.55640155518975,0.6266718972960005,0.6238055542885567,0.6983265499613522,0.5711830660160118,0.5972420155304209,0.5634931972860183,166410903267
-123.69509887695312,272.96649169921875,40.7145881652832,0.06967021524906158,0.17726294696331024,-0.9816944003105164,0.12427739053964615,-0.9779614806175232,-0.16776901483535767,7.620358467102051,18.481830596923828,8.875090599060059,0.7804569672845906,0.744716454464541,0.7158198144457522,0.5432275442771333,0.5423459660671248,0.5545214588726143,0.640356606741947,0.7829435856054654,0.5920546676949674,0.5872278907818106,0.7217300007251609,0.5438323377069383,0.6117156394200997,0.7695961789900494,0.5896842096038876,0.6009251657572929,0.5549309326440136,0.5621428211466641,0.5848507935667322,0.6943915121143354,0.5757909891710937,0.5926895759109794,0.5562980162263437,0.6266013544549962,0.6245298993933551,0.6997402054587967,0.5715363827540562,0.596924529298716,0.563448933301206,166410912009
-123.64464569091797,273.0693359375,40.808746337890625,0.0699891671538353,0.1786879450082779,-0.9814133644104004,0.12400735914707184,-0.9777530431747437,-0.16917794942855835,5.884403228759766,11.991884231567383,10.98058032989502,0.7805937193449647,0.7449814542487336,0.7161061443885607,0.5432036404118525,0.5423397719187423,0.5544532862396347,0.6403863339486436,0.7833397066468561,0.5921928833707686,0.587431889516798,0.7218427964956297,0.5439716298800616,0.6131492923576213,0.7723909155463655,0.5903467534558449,0.6014260061751542,0.5548272799176237,0.5621537876189542,0.5859509185901259,0.6969595264602363,0.5762826614305637,0.5930109586147222,0.5562118887669344,0.626577241967512,0.625223494659733,0.701523302072325,0.5720124109342828,0.5970134130344928,0.5634324291432279,166410920584
-123.6218490600586,273.19549560546875,40.87607192993164,0.07021807879209518,0.17955264449119568,-0.9812391400337219,0.1237441897392273,-0.9776371121406555,-0.17003831267356873,2.5654940605163574,14.200974464416504,7.577262878417969,0.7810028580888173,0.745611252352562,0.7168496839223796,0.5431711495683101,0.5423238235282021,0.5542701371538802,0.63967030603812,0.7825575014956938,0.5920825480131789,0.5875048815102444,0.7220792194151808,0.5440293515700461,0.6139009726959773,0.774267050603237,0.5907681031803198,0.6019649878147839,0.5547468504038532,0.5621362133539394,0.5865193030268064,0.6984205817653167,0.5765748534487736,0.5932575872036738,0.5561271465238248,0.6266346019249411,0.6254558060139259,0.7020180008978059,0.572247114074278,0.5969835256599471,0.563488768864506,166410929469
-123.61235046386719,273.3196716308594,40.96019744873047,0.07056121528148651,0.18018069863319397,-0.9810994267463684,0.12382369488477707,-0.9775258898735046,-0.170618936419487,1.1123700141906738,14.539726257324219,9.85179328918457,0.7812943832180401,0.7459707767307974,0.7171554460056756,0.5431715062973619,0.5423405747595208,0.5540864397835231,0.639177857659273,0.7824153330117851,0.5921742022555451,0.5877937763126462,0.7221544911954643,0.544053451540809,0.6145163320588184,0.7759349750808197,0.5912383764959829,0.6024993159046026,0.554715319272429,0.562143651573867,0.5868365217749109,0.6994489680119046,0.5768342235637305,0.5935478181393076,0.5560791879553552,0.6267051028487656,0.6254927219514549,0.7021316609970685,0.5724143270454772,0.597014920062135,0.5635229541811277,166410938008
-123.6087417602539,273.39599609375,41.03253936767578,0.07079340517520905,0.18036536872386932,-0.9810487627983093,0.12382616102695465,-0.977497935295105,-0.17077715694904327,0.4155805706977844,8.797269821166992,8.337411880493164,0.7815849897395388,0.7463591767308763,0.7175034744321209,0.5431683768754874,0.5423556605356401,0.5539228822382628,0.6385114437768603,0.7817869445983857,0.592125476978442,0.5879337816474561,0.7221453825189611,0.5440110755518872,0.6144088231743361,0.7763341318698533,0.5913702885079032,0.6028687267750192,0.5547534681919031,0.5621662842266719,0.5868588191496981,0.6996111772941379,0.5768884160724328,0.5936444674083659,0.5560230367830958,0.6268238217420574,0.6255129596869838,0.702073862582103,0.572495652461484,0.5970056393695293,0.563563450810995,166410946685
-123.64055633544922,273.48779296875,41.11719512939453,0.07124641537666321,0.1797758787870407,-0.9811241626739502,0.12344837933778763,-0.9776507616043091,-0.1701749563217163,-3.679084062576294,10.617568016052246,9.790273666381836,0.7819127463302555,0.7465952986182888,0.7175854852594157,0.5432015265233145,0.5423930227624256,0.553718336271494,0.6374219309647399,0.780182135398933,0.591850719010772,0.5878166057591252,0.7221735411315101,0.5439330322603358,0.6138694573209675,0.7756632863986965,0.5912751798538668,0.6029306125952185,0.5547823082691,0.5621735841670155,0.586802250650323,0.6993959765857752,0.5768757592777025,0.5935711073649836,0.5559378213714101,0.6268849989321252,0.6255522104819989,0.7018477031124328,0.5725086261315441,0.5967964445629348,0.5635869890300598,166410955332
-123.66594696044922,273.5929870605469,41.1879997253418,0.07174044847488403,0.1787055879831314,-0.9812836647033691,0.12333382666110992,-0.977857768535614,-0.16906489431858063,-2.8751332759857178,11.912835121154785,8.018381118774414,0.7821367590298942,0.7468511549838033,0.7177821823305922,0.5432157755570691,0.5424178378491092,0.5535086933193607,0.6360337231347774,0.7779774963034747,0.5914080050507845,0.5875839568137446,0.7220273918283281,0.5438050147425633,0.6127287127241599,0.7740911962489166,0.5908966540296153,0.6029632982140312,0.5548689238700046,0.5621906667391133,0.5863373838537758,0.6981181825306699,0.5766094975946667,0.5933169105497151,0.5558612228940077,0.6270281990571372,0.6254095540848956,0.7008666259085705,0.5723115644196156,0.5964147439143586,0.5636421852126284,166410964162
-123.69471740722656,273.637451171875,41.25027084350586,0.07241765409708023,0.1776094138622284,-0.9814329147338867,0.123250313103199,-0.978067934513092,-0.16790610551834106,-3.377558708190918,5.217884063720703,7.309026718139648,0.7823429908380458,0.7470878025773645,0.7178965460118538,0.5432266706495026,0.542449554508878,0.5533293356322723,0.6347923402888158,0.7759448157652321,0.5910009802061895,0.5873462437852062,0.7219097113769896,0.5437252839558118,0.6120096089628149,0.7728950665517226,0.5906551270322279,0.6028502065128272,0.5549112033342954,0.5621894098128702,0.586063539498893,0.6973649758356665,0.5764691261825594,0.593156335343262,0.5558039477132021,0.627087624537224,0.6253381433517142,0.7003833512266966,0.5721897294680823,0.5962281004788478,0.5636730455656993,166410972682
-123.69965362548828,273.6559753417969,41.2971076965332,0.07294023036956787,0.17669051885604858,-0.9815600514411926,0.12352682650089264,-0.978204071521759,-0.16690705716609955,-0.5674421191215515,2.132290840148926,5.389651298522949,0.7824589819996977,0.7472299490808514,0.7180124928501662,0.543235813571423,0.5424656031971239,0.5531473370830641,0.6335199338195672,0.7738431717681391,0.5905766856453097,0.587096448951813,0.7217481086630785,0.5436297308020278,0.6110813568121127,0.7713945606308923,0.5903253161494662,0.6027387370041765,0.5549717873425907,0.5622080645829519,0.5855599161486683,0.6960188239264453,0.5761940799628699,0.5929099712939508,0.5557634928647803,0.6271886875717216,0.625146349874915,0.6994693994701653,0.5719823039774175,0.5959624536369579,0.5637059937232167,166410981372
-123.74779510498047,273.7030029296875,41.34925842285156,0.07318025827407837,0.17636829614639282,-0.9816001653671265,0.12354587763547897,-0.9782611727714539,-0.16655777394771576,-5.567914962768555,5.44005823135376,6.031973838806152,0.7826222406838053,0.7473864764142083,0.7180101017061188,0.5432437020570412,0.5424950939272319,0.553094455701037,0.632915861680075,0.7727475685663866,0.5903454298412665,0.5869316617888766,0.7216468180020614,0.5435966221359202,0.6107714245964906,0.7706818703499403,0.5901863914834158,0.6025576028648676,0.5549952233244606,0.5621795894493246,0.5852913608809379,0.6952937854592703,0.5760497780052862,0.5927453495888882,0.5557637651149315,0.6271381057050612,0.6249577124096083,0.6989350634114048,0.5718422396884166,0.595836838343476,0.5637062433513312,166410990018
-123.7667465209961,273.7123718261719,41.383934020996094,0.07315801829099655,0.1761232316493988,-0.9816458225250244,0.12356524169445038,-0.978300154209137,-0.16631415486335754,-2.1220204830169678,1.0487182140350342,3.882138967514038,0.7827105179706412,0.747620452217114,0.7184295881351513,0.5432281077940664,0.5424735852270474,0.5530913996301712,0.6325535805587676,0.7718522749375673,0.5901510991149693,0.5866966786064153,0.721501117074848,0.543584318082681,0.6106293233100132,0.7701147808555698,0.5900744269244066,0.6023119846951812,0.5549965250257465,0.5621279957419073,0.5851445854616888,0.694794193268096,0.5759646729980126,0.592556865187405,0.5557623934164261,0.6270481026675507,0.6248187814227474,0.6986255338830145,0.5717426599499862,0.5957717974685717,0.563709321257096,166410998950
-123.7893295288086,273.7225646972656,41.4223518371582,0.0730922594666481,0.17604446411132812,-0.9816648364067078,0.1236351877450943,-0.9783045649528503,-0.16623631119728088,-2.6415021419525146,1.1915593147277832,4.493419170379639,0.7828482888437719,0.747771944237209,0.7184811930510069,0.543231937080172,0.5424934192808673,0.5531242921902931,0.6324590553295679,0.7715128069417171,0.5900717577992641,0.586583488318449,0.7214048175943327,0.5435734370396064,0.6105554898900356,0.7698324335837262,0.5900111083631098,0.6021894030917039,0.5550080647717521,0.5620918725741445,0.5850040166052355,0.6943986113708585,0.5759035102280972,0.5924420775718413,0.5557879207428673,0.6269892038627687,0.6247172612682185,0.6984285991511275,0.5716533667080456,0.5957658705642969,0.5637135940216965,166411007500
-123.81849670410156,273.7567138671875,41.46963882446289,0.07292906194925308,0.17599692940711975,-0.9816855192184448,0.12386318296194077,-0.9782843589782715,-0.1661854237318039,-3.420638084411621,4.003331661224365,5.545877933502197,0.7829579080891317,0.7479188652540795,0.7186554130570402,0.5432303297495381,0.5424932785250667,0.5531942345065054,0.6325933830820384,0.7714797989925258,0.5900602449875503,0.5864718993933721,0.7213135052528746,0.5435740192184141,0.6105840794007085,0.7694891465110888,0.5899507619892939,0.6019253825681641,0.5549890277711099,0.562013084879774,0.5849659201580474,0.6942623091491397,0.5758787953333565,0.5923376693940231,0.5557971956395804,0.6268330286653186,0.6246571481668315,0.6984722747334899,0.5716049690049637,0.5957733611259297,0.5637087200110056,166411016026
-123.86317443847656,273.7591247558594,41.47465515136719,0.07276209443807602,0.175691157579422,-0.9817526936531067,0.12378361821174622,-0.9783417582511902,-0.16590659320354462,-5.149987697601318,0.27842751145362854,0.5785689353942871,0.7830637437488438,0.7481404480629473,0.7189572510537241,0.5432108672912005,0.5424801695432421,0.5533006940993292,0.632764312342221,0.7713649329305861,0.5899777849665382,0.5862849303758823,0.7212542452856958,0.5435812828806628,0.6105489598393129,0.7690080394046658,0.5898035534110483,0.6016322137851753,0.5549780932544984,0.561956067448923,0.5848019627237749,0.6937306223399178,0.575748391173989,0.5921531385736057,0.5558485399831936,0.6267687850787448,0.6245320432376685,0.6980531349303483,0.5714424085758906,0.5956297951034144,0.5637319716962753,166411024701
-123.90369415283203,273.76141357421875,41.49578094482422,0.07247328758239746,0.17563916742801666,-0.9817833304405212,0.12340590357780457,-0.9783868789672852,-0.16592197120189667,-4.5668182373046875,0.2590140700340271,2.3807809352874756,0.7831740113044435,0.7484115774256391,0.7193098767583889,0.5431771098626024,0.5424609764350703,0.5534128156201265,0.6331873522689693,0.7718406087463242,0.5900536947947871,0.58624661207024,0.7212862477041585,0.5435838296834393,0.6105734841422741,0.7689509154918474,0.5897491054186373,0.6015640168259205,0.5549746594572932,0.5619306845486344,0.5845762581945896,0.6932202556306555,0.5756269071119274,0.5920846850048427,0.5559263693045385,0.6267788459221539,0.6244132283824566,0.6977379606057238,0.5713069395417052,0.5956412242524193,0.5637637796533413,166411033574
-123.93578338623047,273.718505859375,41.50913619995117,0.07218176871538162,0.17555007338523865,-0.9818207621574402,0.1233874261379242,-0.9783985614776611,-0.16586695611476898,-3.787029266357422,-5.064349174499512,1.576256275177002,0.7832959268565817,0.7486405285317999,0.719514893709271,0.543154857503406,0.5424591645138142,0.5535531696945067,0.6337903620902852,0.7726855671887718,0.5902258494441119,0.5862929950223867,0.7212668512345113,0.5435701282699362,0.6104595845170137,0.7686485830598817,0.5896550293681914,0.6014663632418239,0.5550149575238326,0.5619055917201116,0.5843447078561804,0.6926317541631167,0.575505659551006,0.591968102974462,0.5559808216609412,0.6267607707418215,0.624347863404348,0.6976113951175625,0.5712105125047473,0.5956846669434624,0.5637793941042667,166411042047
-123.95307922363281,273.71588134765625,41.52546691894531,0.07181264460086823,0.1756017655134201,-0.981838583946228,0.12377117574214935,-0.9783405065536499,-0.16592338681221008,-1.9931771755218506,-0.3009127378463745,1.8813679218292236,0.7834121141691722,0.7488601497258723,0.7196498637425999,0.5431309557220227,0.542464806437417,0.5538010162954237,0.635093162333913,0.7747551681337017,0.5906719528931502,0.5865260221298315,0.7212469963285936,0.5435953149570856,0.6108210718969846,0.7692085631200558,0.589768899386821,0.6014829302390302,0.5550498383405038,0.5618472586428469,0.5843465793279685,0.6928301977353073,0.5755728649324765,0.5920539280044018,0.556050505879587,0.6266567494725931,0.6243573146352291,0.6980621202005177,0.571280729760388,0.5959350557638006,0.5637822314773209,166411050726
-123.98468017578125,273.6961364746094,41.56660461425781,0.07129727303981781,0.17596690356731415,-0.9818107485771179,0.1240442544221878,-0.9782387614250183,-0.1663188487291336,-3.6289620399475098,-2.2686097621917725,4.724219799041748,0.7835455427634689,0.7489992892466922,0.7197374491076652,0.5431209559223141,0.5424635255246906,0.5540397527643124,0.6364019075682604,0.7767868625955681,0.5910990248533718,0.5867293003037539,0.7214008151333987,0.5436624661365825,0.6114960362481073,0.7702741566849715,0.5899649494967794,0.6015387457668718,0.5550215293381746,0.5617744893686762,0.5844994583079948,0.6934082590753556,0.5756916855229127,0.5921940777825856,0.5561201645994789,0.6265075727831824,0.6243822921208405,0.6985986620375269,0.5713338657252612,0.5961861606875029,0.5637752681971281,166411059434
-124.01171112060547,273.67852783203125,41.59453582763672,0.07081487774848938,0.17632275819778442,-0.9817818403244019,0.12424533814191818,-0.9781469702720642,-0.16670827567577362,-3.0955562591552734,-2.0161237716674805,3.1982364654541016,0.7837147673937748,0.7490751668314343,0.7195236995190477,0.543124473211105,0.5424971179902094,0.5542985875652382,0.6378337300195889,0.7791742664508404,0.5916098647055957,0.5870615574772373,0.7215310402820512,0.5437122187009623,0.6121516456847372,0.7715502442948665,0.590236441493009,0.6017545667043457,0.5550429237638881,0.5617287848093236,0.5846362420416593,0.6941369213650084,0.5758778229294147,0.5924730277076657,0.5562093851565398,0.6265161025551715,0.6244629437162248,0.6992512368504877,0.5714519484981367,0.596590082403394,0.5638283756391281,166411068167
-124.03224182128906,273.63311767578125,41.61952590942383,0.0705162063241005,0.17646940052509308,-0.9817769527435303,0.12428852170705795,-0.9781115651130676,-0.16688352823257446,-2.3924520015716553,-5.2926506996154785,2.9126124382019043,0.7837205985901408,0.7490821565507634,0.7195948066054709,0.5431091712555489,0.5424723654702374,0.5544480702341649,0.638582399715852,0.7803906958500386,0.5918094640739958,0.5872138952898425,0.7217001878846092,0.5437341887452289,0.6123361163710137,0.7719050423254229,0.5902605179483906,0.6018111741968867,0.5550415816710902,0.5617251905254282,0.5844971189945765,0.6939275845387858,0.5758136771334643,0.5925128424914288,0.5562943745512186,0.6266070930988328,0.6244851960596518,0.6993324084805804,0.571395653835185,0.5967596672010059,0.5638824779049587,166411076748
-124.0426254272461,273.57879638671875,41.64377212524414,0.07029904425144196,0.176474466919899,-0.981791615486145,0.12420199066400528,-0.9781162142753601,-0.16692061722278595,-1.1980539560317993,-6.270787239074707,2.7983033657073975,0.7836398536574812,0.7489219602373792,0.7194856865380734,0.5431092487707452,0.5424538757247931,0.5545705050271773,0.6391017431481365,0.781094981354084,0.591896065005306,0.5872372982922067,0.7217705199305973,0.5437589412899054,0.6124464617128689,0.7718709059104104,0.5902328475447891,0.6016838838398354,0.5550516439978337,0.5617382517969955,0.5843311336393482,0.6934547834682769,0.5757173289146132,0.5924191858176389,0.5563718670739477,0.6266925240282948,0.6244314249358995,0.6989700048462326,0.5712609789937098,0.5966952044012577,0.5639163568490472,166411085412
-124.05792236328125,273.55999755859375,41.681087493896484,0.07015534490346909,0.17661231756210327,-0.9817771315574646,0.12417545914649963,-0.9780930280685425,-0.16707630455493927,-1.7748160362243652,-2.1797235012054443,4.3285441398620605,0.7834646904052611,0.7486845131740005,0.7194705456142085,0.5431029629962794,0.5424068752112254,0.5546522379547878,0.6394394422546347,0.7814885564080685,0.591906641558679,0.587207891571755,0.7218643606646371,0.5437929622694382,0.6125122503023173,0.7716674464736133,0.5901539214312423,0.6014908939054707,0.5550478729480535,0.5617469618844506,0.5842522540441571,0.6931309610753389,0.5756125432245853,0.5923127059110614,0.5563969453332694,0.6266725782420369,0.6244043997307852,0.6988301006417152,0.5711583947306638,0.5966512732930619,0.5638961347407424,166411094033
-124.04920959472656,273.5073547363281,41.70473861694336,0.07000821828842163,0.17689189314842224,-0.9817373156547546,0.12421756237745285,-0.97803795337677,-0.16736730933189392,0.9933110475540161,-5.999032020568848,2.6946961879730225,0.7833978175819103,0.7486540609431922,0.7197452996141105,0.5430838234416453,0.5423506618879714,0.5547192642418618,0.6398513413745769,0.7821090864275752,0.5920012236830352,0.587255061334983,0.722053561165514,0.543837883204654,0.6127256199601802,0.77176988642868,0.5901665093022019,0.6013622019786083,0.5550362698792672,0.5617568518060982,0.5843951952976053,0.6933704273537599,0.575643243533382,0.5922966250106755,0.5563891888886664,0.6266446161150426,0.6245527764029998,0.6992587161991156,0.5711862581230758,0.5967214246288265,0.5638703610277671,166411102809
-124.0628890991211,273.4304504394531,41.74128723144531,0.06999679654836655,0.1769125759601593,-0.9817343950271606,0.12377972900867462,-0.9780828356742859,-0.16742917895317078,-1.5594552755355835,-8.765554428100586,4.166343688964844,0.7832376198429402,0.7485503189823441,0.7199029193039123,0.5430585681052953,0.5422996980095169,0.55491377390727,0.6405833487318702,0.7829867427320959,0.5920786884665376,0.5872236277626562,0.7220771756975316,0.5439002589324377,0.6129934816793595,0.7718078979851252,0.590111329477105,0.6011363613448795,0.5550512234415833,0.561762912311795,0.5845402113001099,0.6935019456637425,0.5756174654748353,0.5922040716980503,0.5564305799854216,0.6266632142880597,0.6247831987711331,0.6996527399742161,0.571164036392938,0.596699900447,0.5638751983836172,166411111582
-124.07514190673828,273.3794860839844,41.78742599487305,0.06999064236879349,0.17709918320178986,-0.9817011952400208,0.12346278876066208,-0.978085994720459,-0.1676446944475174,-1.4381487369537354,-5.979233264923096,5.413477897644043,0.782996307332639,0.7483354894785017,0.7201335925168888,0.5430393890708107,0.5422248969265685,0.5550756986840925,0.6411444698702209,0.7834374671054601,0.592049620624665,0.5870591231894029,0.7221757525651682,0.5439830435476293,0.6133076482617925,0.7716546108283745,0.5900237047386985,0.600744909273757,0.5550185341347862,0.561774861558514,0.5847444549448325,0.6935170562127522,0.5755681808388676,0.5919647040659509,0.5564638855050706,0.6266663104843603,0.6250359420920479,0.6998816037518178,0.5710852816392157,0.5964939433589602,0.5638657398449449,166411120105
-124.09090423583984,273.3241271972656,41.83542251586914,0.07017848640680313,0.17713865637779236,-0.9816806316375732,0.12313557416200638,-0.978118896484375,-0.16769322752952576,-1.8280081748962402,-6.421181678771973,5.567390441894531,0.7827166135818648,0.7481402269704645,0.72045246687957,0.5430162679495981,0.5421465727598239,0.5552161864896799,0.6417920552717553,0.7841121407230952,0.5921223806333086,0.586959468448494,0.7222728085365452,0.5440521008560091,0.6135396281669707,0.7715105693743497,0.589945604925413,0.600438844269827,0.5549939080175192,0.5618046291005133,0.5850065919854136,0.6937115479923512,0.5755581853294715,0.591778303251263,0.5564701312250607,0.626674512002,0.6253826229782649,0.7004206109116823,0.5710966897868534,0.5963520426510746,0.5638411907836555,166411128726
-124.1112060546875,273.2510681152344,41.88136672973633,0.07033561170101166,0.17713770270347595,-0.981669545173645,0.12282367050647736,-0.978156328201294,-0.1677035689353943,-2.288008689880371,-8.233183860778809,5.177804470062256,0.7824372623437504,0.7479579204846117,0.7207721391213253,0.5429912767604614,0.542071375677722,0.5553489856875188,0.6422479636732421,0.7844405088912092,0.5920855390286345,0.5868028487372734,0.7223164011523442,0.5440982512727487,0.6135040057083055,0.7709866211763665,0.5897535484916242,0.6001345501499172,0.5550093498531128,0.5618707452763616,0.5850636666528861,0.6933627447320981,0.5754316346179384,0.5915218154922854,0.5565033648796044,0.6268307860624112,0.625667978015622,0.7004231035562017,0.5709889967741171,0.5960597519386367,0.5638601528968511,166411137599
-124.1319808959961,273.1875305175781,41.916133880615234,0.07030384987592697,0.1770511418581009,-0.9816874265670776,0.12244273722171783,-0.9782123565673828,-0.16765561699867249,-2.4278371334075928,-7.424952030181885,4.0635504722595215,0.78221767219052,0.7478890047902861,0.7211373774390335,0.5429582722541423,0.5420070484862485,0.5555004168218035,0.6427806995792144,0.784925382588529,0.5920944298476076,0.5866871620483439,0.7223375796292193,0.5441398818366039,0.6135575440363588,0.7708119784600665,0.5896281911263567,0.5999726651008214,0.5550210270490794,0.561921619417131,0.5850637073126671,0.6929767017352155,0.5753064755806483,0.5913030361746372,0.5565677419548283,0.6269974309946369,0.6258579392836379,0.700218394507496,0.570836108171583,0.5957923557452667,0.5639005488636396,166411146155
-124.12750244140625,273.1035461425781,41.94682312011719,0.0701790452003479,0.17694206535816193,-0.9817160367965698,0.12220469862222672,-0.9782546758651733,-0.16758225858211517,0.5168961882591248,-9.708918571472168,3.5468790531158447,0.7819107125374235,0.7476664150488432,0.7214383966132675,0.5429355786413586,0.5419336333106001,0.5556156763549155,0.6429560602241771,0.7847437006334262,0.5918968130574398,0.5864416139678399,0.7223223787629521,0.5441783182300259,0.6134524727521964,0.770285600642839,0.5893794120050916,0.5997276203969586,0.555005751307053,0.5619562692492542,0.5849028251905529,0.6921421238757461,0.5750603133347226,0.5909804152395087,0.5566334431399028,0.6271009661010725,0.6258494045721102,0.6994501940403627,0.570584741535633,0.5953450396339733,0.5639233658401152,166411154807
-124.14103698730469,273.0566711425781,41.98175811767578,0.07015594840049744,0.17680123448371887,-0.9817430973052979,0.1223490983247757,-0.9782624840736389,-0.1674312800168991,-1.561609148979187,-5.4123921394348145,4.032657146453857,0.781529137881667,0.7473296266947799,0.7218257845600634,0.5429221406109639,0.5418392356001169,0.5556268127157944,0.6428787136242412,0.7841918281952927,0.5916737317057321,0.5861503976303606,0.7224293042073607,0.5442219092931357,0.6133718602825923,0.7697115336558636,0.5891812539251274,0.5994359058247797,0.5549510970712476,0.5619984317938876,0.584852019445478,0.6915785878634775,0.5748997329494621,0.5906999977788909,0.556637691694975,0.6271511698150479,0.6258303926151314,0.6988500537762036,0.570407575766115,0.5949689567308182,0.5639091665019539,166411163470
-124.13216400146484,272.9848327636719,42.001258850097656,0.07025781273841858,0.17651116847991943,-0.9817879796028137,0.1225428655743599,-0.9782925844192505,-0.16711343824863434,1.022808313369751,-8.283951759338379,2.2489068508148193,0.7812788313065131,0.7469141302401271,0.7217654717552742,0.5429468229052028,0.5417965231972882,0.5555156661678876,0.6422293714921243,0.7829194249092601,0.5913012420154365,0.5858599670546814,0.7225694944335204,0.5442294550296806,0.6130687711930979,0.7690424698883418,0.5889656944495416,0.5992908088729485,0.5549056065828155,0.5620748447843347,0.584728477721489,0.6909317574650022,0.5747294422869315,0.5904847421519498,0.5566333028229364,0.6273334620036993,0.6258062014597819,0.6980540179582323,0.5702013710307136,0.59459319222248,0.5639318324859011,166411172142
-124.15412902832031,272.9322814941406,42.033260345458984,0.0701654776930809,0.1764247566461563,-0.9818100929260254,0.12271691858768463,-0.9782864451408386,-0.16702155768871307,-2.522814989089966,-6.03349494934082,3.675142288208008,0.7811093659078971,0.7465802493695464,0.7214820934083218,0.5429710844322628,0.5417905967587917,0.5554163065690868,0.6416556324530508,0.7818936737653904,0.5910284047572221,0.5856721869298835,0.7225684861414551,0.5441868405789329,0.6124984478517257,0.7681731688835054,0.5887056125804901,0.5992589728505466,0.5549217538425705,0.562135753417239,0.5844682655822205,0.6900558492243811,0.5745187355548705,0.5902808142680912,0.5566185696442979,0.6274499771175348,0.6257167983296228,0.697313370280481,0.5699994832525125,0.5943131779204877,0.5639319114119732,166411180849
-124.15461730957031,272.8486022949219,42.0597038269043,0.07020289450883865,0.17621684074401855,-0.9818447828292847,0.12275690585374832,-0.9783180952072144,-0.1668066531419754,-0.05639326944947243,-9.697722434997559,3.064558982849121,0.7809373380104587,0.7461770164810884,0.7209592213249671,0.5430112460049504,0.5418085352219738,0.5552335511655584,0.6407549487206818,0.780537229398185,0.5907018166644832,0.5855335317395788,0.7225401461912996,0.5441210612660176,0.611818278957567,0.7672898756013924,0.5884600445565983,0.5993225002047243,0.5549303487118493,0.5622367228261552,0.5840961363973611,0.6889590881542798,0.5742752555718547,0.5901036151816428,0.556634043604628,0.6276904976035245,0.6256352125109431,0.6964222484905566,0.5697354183933724,0.5940614911122845,0.5639583360212592,166411189478
-124.1630859375,272.79937744140625,42.067848205566406,0.07019766420125961,0.1762140393257141,-0.9818456768989563,0.12256497889757156,-0.9783395528793335,-0.1668219268321991,-0.9770680069923401,-5.679250717163086,0.9400007724761963,0.7807721646077479,0.7458457267785965,0.7204695959951618,0.543039519022918,0.5418302608451439,0.5550759199837224,0.6399374470810373,0.7792479459467858,0.5903936235981764,0.5853772665856198,0.7224912444587174,0.5440573067647813,0.6112209766382238,0.7664223928679335,0.5882589423163022,0.5993193951636993,0.554932379155129,0.5623152061097312,0.5837108675441847,0.6878943112979433,0.5740455346311295,0.5899502928673189,0.5566589415069292,0.627885556151221,0.6254937831921069,0.6955712986095343,0.5695113681605095,0.5938928276861846,0.5639827891554643,166411198144
-124.19416809082031,272.7464294433594,42.09371566772461,0.07006119191646576,0.17635785043239594,-0.9818295836448669,0.12251688539981842,-0.9783178567886353,-0.16698452830314636,-3.570307493209839,-6.083242893218994,2.9710021018981934,0.78062615028564,0.7456943967912553,0.720250925577193,0.5430420615655739,0.5418397964785473,0.5549742116763575,0.6395683760114479,0.7787945624778005,0.5903532474485282,0.5853860455599958,0.7223534400267478,0.543970879051629,0.6105752277026879,0.7657246094064585,0.5881241239698516,0.599474039745821,0.5550109339779229,0.5624348318326108,0.583171338896569,0.6865781161752998,0.5738045916036818,0.5898607131727039,0.5567346101231613,0.6282305015112185,0.625318829552235,0.6945598766595096,0.5692323255503536,0.5938460136307746,0.5640478183501701,166411206851
-124.216064453125,272.68011474609375,42.10215759277344,0.06987208873033524,0.1764906644821167,-0.981819212436676,0.12268906831741333,-0.9782727956771851,-0.16712188720703125,-2.527088165283203,-7.653457164764404,0.9739905595779419,0.780465314960919,0.7457529185496579,0.7205969420122105,0.5430145120343192,0.5418090839719074,0.5548266884738317,0.6389552980357882,0.7779426340829236,0.5902245683904341,0.5853428485961638,0.7221950753165739,0.5438442486930237,0.6095170404064529,0.764474174819704,0.5878444062483026,0.5996622288386332,0.5551244172867147,0.5625815700102225,0.5823591063967041,0.6845146298775846,0.5734108074106724,0.5896495437811644,0.5567997788355035,0.6286300976312328,0.6250558954544703,0.6931536414762747,0.5688645130095425,0.5937217334631153,0.5641171069364189,166411215516
-124.24932098388672,272.6029052734375,42.10235595703125,0.06963856518268585,0.176463320851326,-0.9818407297134399,0.12242214381694794,-0.9783024191856384,-0.16714440286159515,-3.785959005355835,-8.789054870605469,0.02271641045808792,0.7803602934366055,0.7458647054200103,0.720853394401042,0.5429788744433427,0.5417897173989171,0.5547908503657338,0.6387474153177983,0.7776200879008626,0.5901766547501845,0.5853141494922838,0.7221235088466151,0.5437484764151503,0.6085938481118706,0.7632998074318218,0.5875596870877469,0.5997801445724487,0.5552827446080075,0.5627461945246843,0.5814864199064612,0.6823193965142673,0.5730005361773646,0.5894545296796749,0.5569238616174013,0.6291159475545105,0.6246984895472204,0.691413956495935,0.568432033126599,0.5936296984425238,0.5642193843820262,166411224300
-124.29127502441406,272.5608215332031,42.10429763793945,0.06939733773469925,0.1765299141407013,-0.9818457961082458,0.12217705696821213,-0.9783133864402771,-0.16725927591323853,-4.890235900878906,-4.904895782470703,0.22625552117824554,0.7803996958094056,0.7459969549435959,0.7208846362672018,0.5429673697771614,0.5418031000128655,0.5548085757579704,0.6388109543462828,0.7777830429702918,0.5902466232216742,0.5853725985225282,0.722053492532624,0.5436932118077693,0.6081690618379061,0.7630094192114001,0.5874724831751177,0.5999972754433639,0.555394342866782,0.5628501912355856,0.5808963559595458,0.6809961654913044,0.572780683035493,0.5894271160763023,0.5570541588852623,0.6294067383009129,0.6243990422470391,0.6902408951005676,0.5681367544371315,0.5936567058658628,0.5642772011925035,166411232878
-124.32860565185547,272.5102233886719,42.116851806640625,0.06903684139251709,0.17669250071048737,-0.9818419814109802,0.12250012904405594,-0.9782435297966003,-0.16743148863315582,-4.335451126098633,-5.874430179595947,1.45785653591156,0.7805082291994676,0.746217649209637,0.7210476232033296,0.5429535608383448,0.5418123640180101,0.5547852507809772,0.6390012016409152,0.778524297535669,0.5904948292407844,0.5856700920726928,0.7220395696267475,0.5436499829116184,0.6081071673896341,0.7635609676792934,0.5876261066949414,0.6004168238208505,0.5554476141826653,0.5629306063294371,0.580575364010655,0.6806912214019913,0.5728136644786839,0.5897050691438517,0.5571691796181572,0.6296439252327601,0.6242670101317589,0.6899957195534969,0.5680714209702163,0.5940403527843919,0.5643308343631142,166411241490
-124.36724853515625,272.51177978515625,42.13286590576172,0.06895948946475983,0.17655524611473083,-0.9818720817565918,0.122675821185112,-0.9782461524009705,-0.16728739440441132,-4.394949436187744,0.17524681985378265,1.821522831916809,0.7806848132778506,0.7462645655763674,0.7206953588148525,0.5429786811857945,0.541865007338778,0.5547531636576849,0.6391309343082006,0.7792841775395112,0.5907249802328325,0.5860249960239826,0.7220684266710434,0.543593637345648,0.6078584745787382,0.7637585990143093,0.587709561910344,0.6007883376969266,0.5555440274780392,0.5630297695382775,0.5802985012807094,0.6805147626664214,0.5728607770730144,0.5900287768278832,0.5572468195513419,0.6298884715647358,0.6242029463638069,0.6899341599805693,0.5680520400269722,0.5944409879878699,0.564369968244397,166411250282
-124.42560577392578,272.5516357421875,42.148841857910156,0.06889604032039642,0.1764470636844635,-0.9818959832191467,0.1226668581366539,-0.9782643914222717,-0.1671873778104782,-6.7973246574401855,4.64387845993042,1.8607871532440186,0.7808744890117328,0.7463151527432099,0.7203631541907121,0.5430087406248268,0.5419188430039671,0.5547223934106001,0.6390497044494763,0.7794114738366188,0.5907850932636148,0.5861678966581749,0.7220952034966008,0.5435290379003662,0.6074234080793144,0.7632849005552923,0.5876524496695351,0.6008963985996492,0.5556302837026952,0.5631270436144126,0.5800194433480799,0.6800265901699725,0.5728523004619257,0.5901409583801321,0.5573221638544669,0.6301356481110196,0.6241971421700895,0.6897163470929009,0.567959112014902,0.594643515255001,0.564413542350236,166411258867
-124.4648666381836,272.56378173828125,42.1586799621582,0.0688282921910286,0.17611922323703766,-0.9819596409797668,0.12268147617578506,-0.9783172607421875,-0.16686686873435974,-4.525604248046875,1.397613763809204,1.1342649459838867,0.7808954197966284,0.7463020440315842,0.7200460984563353,0.543020684020461,0.5419619801017139,0.5548184927164423,0.6394977161172136,0.7801802942485043,0.5909871212680169,0.5862992090127833,0.7218698798870457,0.543476559356296,0.6071062356472411,0.7628334262376111,0.5875603633786844,0.6008970594675699,0.5557079665000006,0.5631067985864271,0.5798371975182106,0.6798822768055754,0.5728791150736564,0.5902661530552097,0.5573563111286696,0.6300380882833231,0.6240640272840673,0.6898987443190093,0.5679399696567088,0.5949920185036988,0.5643859331269018,166411267542
-124.49231719970703,272.57366943359375,42.157554626464844,0.06869462132453918,0.17584556341171265,-0.982017993927002,0.12280459702014923,-0.978347659111023,-0.16659784317016602,-3.1345622539520264,1.1309936046600342,-0.1288132518529892,0.7809412087180356,0.746256937580474,0.7196374894875484,0.54304384692628,0.5420162028624251,0.5548717763977156,0.639781069185817,0.7806915492811117,0.5911279082762334,0.5863965187598443,0.7217247133679643,0.5434224881510585,0.6068159785889565,0.762391642091362,0.5874857295953747,0.6008771946610127,0.5557323372135072,0.5630601999545303,0.5796662651625297,0.6797588702152729,0.5729217728867739,0.5903679228363624,0.5573753086920316,0.6299243384014797,0.6238839130083399,0.6899864797330094,0.567935792250253,0.595315886236265,0.5643752307273133,166411276299
-124.51581573486328,272.6047058105469,42.16250991821289,0.0686940923333168,0.17544549703598022,-0.982089638710022,0.12281808257102966,-0.978413999080658,-0.16619811952114105,-2.7472312450408936,3.6285622119903564,0.5791798830032349,0.7809079221804988,0.7460807811167567,0.7191057347996687,0.543069051827899,0.5420657950375234,0.554900342934786,0.6396676822408394,0.7804383561023236,0.5910359190651666,0.5863441710629654,0.7215008635996273,0.5433654800070143,0.6062437624987395,0.7613588353508353,0.587216669760625,0.6007467454305541,0.5557930700787279,0.5630467617996145,0.5794079653964535,0.6791248888969953,0.5728125350625652,0.5902771222229829,0.5573810848093926,0.6298529672979757,0.6237178970796841,0.6897671728359007,0.5678422599246856,0.5954154118805941,0.5643548161230973,166411284853
-124.53536224365234,272.63299560546875,42.17301559448242,0.06864897161722183,0.17507652938365936,-0.9821586012840271,0.1225489154458046,-0.9785051941871643,-0.16585959494113922,-2.252539873123169,3.2605042457580566,1.2106661796569824,0.7808705078747836,0.7459685671015682,0.7187112770536745,0.5430831422658271,0.5421050381130263,0.5548887174091496,0.6393969629687678,0.779941631016313,0.5909140760201239,0.586265396397086,0.7212571846790623,0.5432991569093617,0.6056292235570201,0.760199596893396,0.5869678920735312,0.600577326690524,0.555853596699739,0.5630296461499338,0.5792249436073925,0.6786716105767103,0.572757394160469,0.5902017307078787,0.5573496622679728,0.6297797688392778,0.6236197907789183,0.6897740944956611,0.567811830772896,0.5955549297951247,0.5643375635591903,166411293532
-124.54204559326172,272.6710205078125,42.191131591796875,0.06858915090560913,0.17463310062885284,-0.9822417497634888,0.12222617864608765,-0.978614330291748,-0.1654532253742218,-0.7444058656692505,4.233974456787109,2.018040895462036,0.7807704961426322,0.7459092461948695,0.7186072873393673,0.543077134014565,0.5421125485378308,0.5548957618107629,0.6391999979021489,0.7794588945954961,0.5908141309004161,0.5861418427878229,0.7209292829073713,0.5432277542392522,0.6049137108948143,0.7587407026306465,0.5866662471967992,0.6003128840454552,0.5559451649343012,0.563013351307313,0.5790335960301006,0.6780886016735432,0.5726698426659467,0.5900481246062222,0.5572972162576032,0.6296927085358804,0.6235390242693093,0.689785266115881,0.5677863861229497,0.5956341185890413,0.5643128728821185,166411302509
-124.55485534667969,272.7069091796875,42.20046615600586,0.06857600808143616,0.17424175143241882,-0.9823121428489685,0.12199581414461136,-0.9787051677703857,-0.1650853306055069,-1.5239596366882324,4.271525859832764,1.1103503704071045,0.780686027359328,0.745832692338831,0.7185288537388055,0.5430781107478547,0.5421140523716506,0.5548803060940151,0.6389048158752444,0.7788329841182019,0.5906801397617976,0.586006362264269,0.720658848681396,0.5431747375469601,0.6043194841210897,0.757355795122028,0.5864026182554691,0.5999842677287649,0.556017377045318,0.5630102960554356,0.5788989452147468,0.6775565225295217,0.5725920274053041,0.5898618201532706,0.5572507346061499,0.62962327998906,0.6235144724669014,0.6898075420155423,0.5677687360213364,0.5956297789760091,0.5642841440784423,166411310915
-124.55506896972656,272.7221374511719,42.203285217285156,0.0685998722910881,0.17404943704605103,-0.9823445677757263,0.12168318778276443,-0.9787721633911133,-0.16491901874542236,-0.02424866519868374,1.7398000955581665,0.3221953809261322,0.7806568197568121,0.745730676203695,0.7182380925380274,0.5430912995308081,0.5421412524331144,0.55481587932384,0.6384736945245862,0.7781663548655099,0.5905381375341257,0.5859444423757549,0.7204992121504269,0.5431330019736976,0.6038320692269209,0.7563098303605648,0.5861917396601002,0.5997767125238522,0.5560546536174883,0.5629959883125488,0.5788007187812669,0.6772490335846207,0.5725342151011868,0.5897765123585814,0.5571872956981115,0.6295104785755422,0.6234197375928546,0.6898099554129151,0.5677710367998585,0.5956767555876572,0.5642406895991953,166411319666
-124.55876159667969,272.7543029785156,42.20781707763672,0.06868176907300949,0.17391255497932434,-0.9823631048202515,0.12128034979104996,-0.9788405895233154,-0.16480964422225952,-0.424085408449173,3.6956257820129395,0.5207414031028748,0.7806911169302004,0.7455770887500861,0.7177332066962037,0.5431255178956388,0.5421935994718842,0.5547187901439702,0.6380216741594784,0.7775523855030747,0.5904340814910207,0.5859250743812928,0.7204377860477363,0.5431152105100996,0.6036516890936394,0.7558581200687189,0.5861331957919202,0.5996590056503763,0.5560416328307528,0.5629709881982529,0.578900565275001,0.6775626026494029,0.572615748507597,0.5898274410661709,0.5571154926679678,0.6293523034739805,0.6233869134804528,0.690201491691078,0.5679042525899634,0.5958165094959192,0.5641781502967772,166411328370
-124.57013702392578,272.8106384277344,42.2258186340332,0.06876864284276962,0.1737348735332489,-0.982388436794281,0.12076446413993835,-0.9789279699325562,-0.1646692007780075,-1.3379225730895996,6.622182846069336,2.116515636444092,0.7807907909206057,0.7454218468152404,0.7172165194161083,0.5431717975780859,0.5422489265757094,0.554612023109566,0.6372645015349143,0.7762360363599803,0.5901044165058593,0.5857228413686806,0.7204690659525587,0.5431143066609475,0.6035112554843962,0.7553682571384048,0.5860184885117561,0.5994773091746366,0.555996090331181,0.5629516427525718,0.5790247039208359,0.6776728973385148,0.5726251536463753,0.5897206564332024,0.557062424670908,0.6292401198628083,0.6234114752535661,0.6902494121413599,0.5679395508038961,0.5956475013209961,0.5641322144232892,166411336876
-124.5560302734375,272.82208251953125,42.228370666503906,0.06903154402971268,0.1730770319700241,-0.9824861288070679,0.12029659748077393,-0.9790933728218079,-0.16402706503868103,1.602584719657898,1.298615574836731,0.2897299528121948,0.7808317282046692,0.7452603397988664,0.7168652477160413,0.5432084217540929,0.542279524719354,0.5544122780332992,0.6357527605256301,0.7735918140091477,0.5894098614538418,0.5853157622937486,0.7204993823193566,0.5430708723000399,0.6026921863059511,0.753678090392816,0.5855526642247924,0.599181410170801,0.555968947746896,0.5629993593356475,0.5788010818911261,0.6765190292064683,0.5723106973519224,0.5892924282205239,0.5570191935107814,0.6293236231987984,0.6234380263648267,0.6894751728562672,0.5677082533378749,0.5950953776495309,0.5641319151402504,166411345679
