Palm Center x,Palm Center y,Palm Center z,Palm Direction x,Palm Direction y,Palm Direction z,Palm Normal x,Palm Normal y,Palm Normal z,Palm Velocity x,Palm Velocity y,Palm Velocity z,Thumb Deviation 1,Thumb Deviation 2,Thumb Deviation 3,Thumb Joint Angle 1,Thumb Joint Angle 2,Index Deviation 1,Index Deviation 2,Index Deviation 3,Index Joint Angle 1,Index Joint Angle 2,Index Angle from Prev,Middle Deviation 1,Middle Deviation 2,Middle Deviation 3,Middle Joint Angle 1,Middle Joint Angle 2,Middle Angle from Prev,Ring Deviation 1,Ring Deviation 2,Ring Deviation 3,Ring Joint Angle 1,Ring Joint Angle 2,Ring Angle from Prev,Pinky Deviation 1,Pinky Deviation 2,Pinky Deviation 3,Pinky Joint Angle 1,Pinky Joint Angle 2,Pinky Angle from Prev,Time Stamp
-8.508069038391113,172.0790557861328,43.948062896728516,-0.5892584919929504,0.18307004868984222,-0.7869306206703186,-0.12951447069644928,-0.9827985167503357,-0.13165514171123505,32.30168533325195,-15.28354549407959,-9.274656295776367,0.6571956433913031,0.7076196775188252,0.9158953952460367,0.6954015612315058,0.6907022513409036,0.9925059703396399,0.5461831825699434,0.795641900496637,0.9915906306224197,0.79581132469027,0.9651890563672825,0.9956404933936102,0.5466516806551593,0.8019064082175615,0.9977802331376621,0.7864556080834613,0.5559895529852106,0.9974502640767877,0.5636718989748598,0.7957854337218317,0.9907081327887665,0.8142453589462811,0.5440736969362272,0.9995095316144058,0.6127807596019248,0.7292618325859727,0.9781649169955429,0.8055026745058319,0.5540603007212774,36025551472
-8.229456901550293,171.9957275390625,43.89224624633789,-0.5880589485168457,0.17938846349716187,-0.7886738777160645,-0.12125641852617264,-0.9836273789405823,-0.13331933319568634,31.86696434020996,-9.531450271606445,-6.384140491485596,0.6579224333742517,0.7063751186924836,0.9138707373417745,0.6947189455822029,0.6901520682176403,0.9927140377346227,0.5461553864186307,0.7968932627351543,0.9918009064554625,0.7971360595281995,0.9651132599436429,0.9957880171489066,0.5464937011152877,0.8029133494019548,0.997967544792825,0.7869925476334152,0.5560330547777342,0.9975734478577234,0.5630858696957585,0.7961719080028552,0.9912845710082105,0.8137388700421299,0.5440757718593452,0.9994244374801791,0.6109555948587924,0.7287140434201289,0.9793788392711071,0.8043715019576663,0.5542154333939193,36025560215
-8.028308868408203,171.9894256591797,43.86752700805664,-0.5891258120536804,0.17566116154193878,-0.7887166738510132,-0.11030127108097076,-0.9844300746917725,-0.13686133921146393,23.278247833251953,-0.7284983396530151,-2.860560655593872,0.6585902942888345,0.7054585342277264,0.9124560621327512,0.6937566323125688,0.6900757944799968,0.9930647022491825,0.5458645773950547,0.7977104763838712,0.9920041586286014,0.798759228479275,0.9646604442762325,0.9960177122194442,0.5461563330019775,0.8037762867557411,0.9981095827104873,0.7881746788150203,0.5559893593197119,0.9977410565114658,0.562399108739798,0.7964134237520066,0.9917262139963356,0.8139293528446321,0.544069145147523,0.9993239987466438,0.6092912691486871,0.7278983427355735,0.9802858443805539,0.8037858566864499,0.5543485542337324,36025568856
-7.82701301574707,172.02413940429688,43.798118591308594,-0.5910843014717102,0.17448066174983978,-0.7875124216079712,-0.10080410540103912,-0.9846487045288086,-0.14249734580516815,23.422868728637695,4.039696216583252,-8.07646656036377,0.6591895102877905,0.7048875829494172,0.9120750598587659,0.6928824507792604,0.6909162254922201,0.9933689550375345,0.5455759720859762,0.7983662790101794,0.9921236477252281,0.8003648183829977,0.9641803329970401,0.9962289518653196,0.5458340364660601,0.8045056699690802,0.9981837378637998,0.7896210971316613,0.5559404566053882,0.9978859530997685,0.5618786548217494,0.7967957040114544,0.9919512625677109,0.8148370586683708,0.5440669494215528,0.9992450883549393,0.6082227837933307,0.7272343438100886,0.9807189986204233,0.8038503462242531,0.5544477874607291,36025577450
-7.681861400604248,171.9737091064453,43.78950500488281,-0.5930684208869934,0.17258431017398834,-0.7864378690719604,-0.0949435904622078,-0.9849326610565186,-0.1445452719926834,16.73604965209961,-5.815227508544922,-0.9933013319969177,0.6593591426877421,0.7050459673576801,0.9129715438108799,0.6923867467169842,0.692187946696444,0.9936190251952082,0.5453691094122385,0.7986787875457064,0.9921723254781916,0.8016425130764967,0.9636445006813799,0.9964087988021624,0.5456304334679621,0.8048306798914217,0.9981989781606225,0.7908923795856434,0.555861241505163,0.998006975365929,0.5616606338784232,0.7969447809815423,0.9920208479632183,0.8157771616899947,0.5440526023539243,0.999185171508995,0.6078591689234787,0.7269138309635911,0.9808473432728262,0.8043281945058587,0.5544741633276684,36025586123
-7.521513938903809,172.01666259765625,43.79753494262695,-0.5952228307723999,0.17241626977920532,-0.7848454713821411,-0.08952426165342331,-0.9848577976226807,-0.14846059679985046,18.53513526916504,4.9648871421813965,0.9284451603889465,0.6596624163504204,0.7050460643573855,0.9135288532498992,0.6917654961106166,0.6933269308247939,0.993837272023094,0.5452251020067664,0.7985587537088069,0.9921936208076237,0.802436978232672,0.9631195192656793,0.9965650519502447,0.5454447546510522,0.805040337075377,0.9981787531825064,0.7921990287361058,0.5558169979037946,0.9981025574963877,0.561481601100082,0.7969573092344203,0.9920176684351157,0.816658197469968,0.5440550241658846,0.9991406715540055,0.607551533498115,0.7261465648161894,0.9808036300865886,0.80450166289662,0.554542718730306,36025594774
-7.399971008300781,172.05946350097656,43.7323112487793,-0.5974019765853882,0.17308978736400604,-0.7830395102500916,-0.08639765530824661,-0.9846375584602356,-0.15173766016960144,14.004250526428223,4.931757926940918,-7.515159606933594,0.6598005786340834,0.7055059341095252,0.9147782842041259,0.6916132959942379,0.6946060331775191,0.9939824784597674,0.5451438996759268,0.7986262247977518,0.992154934482484,0.8033149093865461,0.9627044001308147,0.9966933971462547,0.5453188212868127,0.8053263577955183,0.9981336002920321,0.7936013146016503,0.555765411910011,0.9981866846125468,0.5614491637363256,0.7971168599049534,0.9919230035048275,0.8178897168090637,0.5440504172443554,0.9991121373515621,0.6077332141429231,0.725679970163495,0.9805103327470007,0.805165108147782,0.5545505323531541,36025603453
-7.283352375030518,172.09051513671875,43.68982696533203,-0.5996402502059937,0.17380152642726898,-0.7811687588691711,-0.0849580466747284,-0.9844409823417664,-0.15381194651126862,13.277751922607422,3.535918712615967,-4.837393283843994,0.6599480009397873,0.7063540867947736,0.9162537025241267,0.6921547291843838,0.6955700185747135,0.9940334608658649,0.5452391365721894,0.7991925513576906,0.9921787986345871,0.8039648018772128,0.9624982907150627,0.9967688641258552,0.5453425976670265,0.8056666601531771,0.9981059307960005,0.794564658499583,0.5557622791785366,0.9982467772284558,0.5615241795312141,0.7972294479627129,0.9918742627207363,0.8186507974351789,0.5440660547891029,0.9990899918055534,0.6078844161998906,0.7251716278597995,0.9803556174296515,0.8052642233705085,0.5545771828514284,36025612236
-7.18885612487793,172.0821075439453,43.62818908691406,-0.6014354228973389,0.1752680093050003,-0.7794591188430786,-0.08471817523241043,-0.9841298460960388,-0.15592089295387268,10.963704109191895,-0.9764723181724548,-7.150999069213867,0.6600265839341621,0.7071539503204229,0.9173074110269063,0.6929041460842517,0.695916940437262,0.9940459928617186,0.5453374004560495,0.7992537526275902,0.9921947215927895,0.8039682078618786,0.962419995812221,0.996810461405244,0.5453741262841163,0.8057767543580081,0.9980683443528693,0.7951734962585058,0.5557720662699346,0.9982820988994795,0.561626923978438,0.7971251594334954,0.9917978918872119,0.8190778909232637,0.544074062495431,0.9990813626152234,0.6080885406349519,0.7247311884399807,0.98018189983458,0.8052509215812919,0.5545949773670917,36025620855
-7.079660892486572,172.12225341796875,43.55575942993164,-0.6039683222770691,0.17765356600284576,-0.7769565582275391,-0.08567274361848831,-0.9836640357971191,-0.15832005441188812,12.644189834594727,4.650122165679932,-8.387191772460938,0.6599172954625001,0.7085030652106126,0.9185089895300971,0.6938096498891982,0.6956072989982323,0.9939705714116018,0.5455233937784902,0.7995895197453915,0.9920655236837677,0.8043662442517676,0.9623711591921379,0.9968198025659563,0.5454678294007578,0.8058338625312036,0.9979423286864628,0.7961433577820943,0.5557793250364241,0.9983065433632197,0.561897081920031,0.7969829432511812,0.9915125208697478,0.820075642866617,0.5440978568284527,0.9990963457038728,0.6088377109670925,0.724146624725326,0.9795410964847756,0.8057160372849712,0.5545875081330647,36025629491
-7.004851341247559,172.13038635253906,43.506370544433594,-0.6060375571250916,0.180313378572464,-0.7747293710708618,-0.0874292403459549,-0.9831668734550476,-0.16043375432491302,8.65853214263916,0.9401076436042786,-5.716162204742432,0.6598204867763574,0.7099626618049281,0.9194755239240823,0.6946701809835611,0.6948513275977174,0.9938690013598112,0.5457072895841794,0.7998680942234758,0.9919497270539953,0.8045445312465466,0.9622771308668593,0.9968089911331371,0.5455848536017395,0.8058461560560797,0.9978274873760957,0.7968387156790135,0.5557909381243556,0.9983058384163097,0.5622165684013721,0.7969204783952645,0.9912105252630289,0.8209602542614037,0.5441153896554276,0.9991293885097362,0.6097050479662174,0.7237412468429384,0.978834969567139,0.8061866934482328,0.5545622721463684,36025638131
-6.918966770172119,172.16700744628906,43.46041488647461,-0.6082202196121216,0.1826540231704712,-0.7724672555923462,-0.09011676162481308,-0.9827620983123779,-0.16142381727695465,9.885429382324219,4.214987754821777,-5.289798259735107,0.6595794591451012,0.711909514342205,0.9205098644234497,0.6962421452933844,0.6933335725605891,0.9937885477057022,0.5459486706181813,0.8003803259982113,0.9918259023716506,0.8050472944677104,0.9621318823963296,0.9968127030113871,0.5457596389596532,0.8060258147760474,0.9977055132871593,0.7977850230354032,0.5558100819855333,0.9983234984489263,0.5626102890515475,0.7968654828089101,0.9909098969234962,0.8219482413355157,0.5441445317800566,0.999153703723742,0.6107798114125134,0.7232942495892837,0.9780582528363517,0.8067441578306682,0.5545195771239146,36025646819
-6.835689544677734,172.13766479492188,43.391136169433594,-0.6100496053695679,0.1838773936033249,-0.7707325220108032,-0.09387452900409698,-0.9826226830482483,-0.16012558341026306,9.572056770324707,-3.3723831176757812,-7.963085651397705,0.6593165893028814,0.7141481226538051,0.9212767837541329,0.6981568329334487,0.6910164291937625,0.9937249518024869,0.5462630663084307,0.8011499762675309,0.9917845206442106,0.8055396961489886,0.9619018195598438,0.9968108018271806,0.5460344299628896,0.8065104331529437,0.9976327978651041,0.7986138785364131,0.5558242260791318,0.9983362622129683,0.5630995768964956,0.797085439513447,0.9906960382868342,0.8227975466959747,0.5441689010556833,0.9991758511421996,0.6119904744051632,0.7233150954723547,0.9773696630354498,0.807473427092846,0.5544511700426741,36025655519
-6.756669521331787,172.12033081054688,43.316463470458984,-0.6114587187767029,0.18490542471408844,-0.7693687677383423,-0.09608534723520279,-0.9824690818786621,-0.15975648164749146,9.130024909973145,-2.00282621383667,-8.627710342407227,0.6591996490195536,0.7161327087186168,0.921634504575661,0.6997218024049067,0.6886475042254173,0.993657898465546,0.5465726510086611,0.8020380008429213,0.991775461244516,0.8060235133832309,0.9616816744300475,0.9967857628048064,0.5463180775544807,0.8073350605759996,0.9975863370514207,0.7994722042954684,0.5558356176246501,0.9983303422893403,0.5635254929093247,0.7975480603516641,0.9905749946179994,0.8234288361918441,0.544200232386491,0.9992023072681492,0.6128290239299218,0.7234027768202027,0.9769305856096209,0.8077511885495458,0.5544319590347541,36025664174
-6.662055969238281,172.09774780273438,43.266212463378906,-0.6129761934280396,0.18695349991321564,-0.7676643133163452,-0.09830065071582794,-0.9820986986160278,-0.160683274269104,10.96076488494873,-2.615872383117676,-5.821434497833252,0.6590819535980387,0.7179510575579523,0.921933051995662,0.7012719621789425,0.6864283412975868,0.993534049738872,0.547020558716407,0.8034978510249725,0.9917228942670813,0.8069364751074216,0.9616422137908929,0.996710157856639,0.5466967950790548,0.8084233067169917,0.997530121438415,0.800324033380178,0.5558779520116536,0.9982835686238996,0.5639714724222912,0.7981993333097832,0.9904322501335299,0.8239670959545321,0.5442664196698623,0.9992512771207662,0.6135865815316638,0.7235533214023274,0.9764859555607872,0.8077931734916903,0.5544526505685674,36025672806
-6.57342529296875,172.0543670654297,43.21853256225586,-0.6138663291931152,0.18843203783035278,-0.7665908336639404,-0.1031886413693428,-0.9819150567054749,-0.15872904658317566,10.19330883026123,-4.989297866821289,-5.483378887176514,0.658649497276231,0.7204402626316329,0.9231832359161996,0.7029807702214601,0.6845152539185607,0.993380842134827,0.5474651208156013,0.8049815535002917,0.9916450731785512,0.8078540029081804,0.9614955487489053,0.9966239208704194,0.5471474639882674,0.80928810960444,0.9974510408457643,0.8010031743886971,0.5558840074425558,0.9982331883728957,0.5646176551639094,0.7989283998242394,0.9901952158660685,0.8247835479139797,0.5443147846275069,0.9993124827253523,0.6149318501059188,0.7242077410079492,0.975811418474835,0.8083501117871122,0.5543794247185511,36025681501
-6.427289962768555,172.06947326660156,43.15921401977539,-0.6136535406112671,0.19025954604148865,-0.7663097381591797,-0.10787556320428848,-0.9816356301307678,-0.15733498334884644,16.847515106201172,1.7413793802261353,-6.838965892791748,0.6583597662828478,0.7222025737415275,0.9240663246501516,0.7040869257218947,0.6832132530806837,0.9932582205557872,0.5478500716185195,0.8060931096534976,0.9915988244206898,0.8084431378730658,0.9613501520323313,0.9965503602488354,0.5475378678847086,0.80987908072519,0.9974050285376752,0.8012926642373273,0.5558941137192078,0.99818239181413,0.5651731841274164,0.7995488815294306,0.9900253988323292,0.8252950497022818,0.5443503918399837,0.9993660288076275,0.6160875494363993,0.7247552940454066,0.9752781149010087,0.8086004926675672,0.5543246148883845,36025690175
-6.309101104736328,172.0673065185547,43.1016960144043,-0.6131263971328735,0.19222962856292725,-0.7662400007247925,-0.11453161388635635,-0.9813250303268433,-0.15454347431659698,13.666587829589844,-0.24990130960941315,-6.650841236114502,0.6579435407039749,0.7237981681351104,0.9252211981345115,0.7050457281554855,0.6824656040363495,0.9931166246636225,0.5481773654739867,0.8069914406226301,0.9915298506058978,0.8088578070879504,0.9612458035564916,0.9964622990015604,0.5479103977370455,0.8101840210649988,0.9973482307020024,0.8012907348024,0.5558888192028991,0.9981271896593539,0.5657307320492247,0.800035529467693,0.9898226822115338,0.8257461716131682,0.5443726496246538,0.9994153908314178,0.6173629758421426,0.7255342575020651,0.9747341630603247,0.8090777801309131,0.5542285329719641,36025698823
-6.166273593902588,172.0706024169922,43.06793212890625,-0.611702024936676,0.1928807646036148,-0.7672141790390015,-0.12126243859529495,-0.9812213778495789,-0.15000015497207642,16.369922637939453,0.3782225549221039,-3.869817018508911,0.6574312349803886,0.7253852161441462,0.9262620004093867,0.7054854349374726,0.6816064462868184,0.992984528540093,0.5484407229538464,0.8075854417894603,0.9913728381438464,0.8093550415954951,0.9609921548658152,0.9963963467357067,0.5482370774503987,0.8102287418713238,0.9972714416556255,0.8012912310173133,0.5558573412345371,0.9980835626116572,0.5663434520320385,0.8003545696898764,0.989564601172733,0.82627520814392,0.544368642491239,0.9994614102547937,0.61891668988314,0.7263277716971932,0.9740697556177016,0.8096838738063344,0.5540908507417274,36025707548
-6.021360874176025,172.0992889404297,43.041690826416016,-0.6100246906280518,0.19385311007499695,-0.7683038711547852,-0.12807656824588776,-0.9809851050376892,-0.14582400023937225,16.731674194335938,3.3115601539611816,-3.029567003250122,0.6568928983719702,0.72674467133143,0.9273934430236052,0.7056067365183477,0.681201280282529,0.992847502612621,0.5486380226316628,0.8078292420536549,0.9912032846521261,0.8095555396725511,0.9606956611011079,0.9963207170956218,0.5485506159017761,0.8100054922547573,0.9972023846880895,0.8009220750497199,0.5558032180476922,0.9980361581280546,0.5669038049767922,0.8005185243407171,0.9893458843091463,0.8265044417955661,0.5443661834383119,0.9995022463225545,0.6203524569716075,0.7269845428324365,0.9734960696714552,0.810013120334551,0.5539732011310625,36025716209
-5.881686687469482,172.1146697998047,43.04676055908203,-0.6085324883460999,0.19354361295700073,-0.7695642113685608,-0.1347154676914215,-0.9809196591377258,-0.1401728242635727,16.113758087158203,1.773756742477417,0.584558367729187,0.6563030054771255,0.7278525152827963,0.9282982732302687,0.7054625386091687,0.6807960186323168,0.9928254561617057,0.5487057363788195,0.8074085374175568,0.9910677387430747,0.8094819239618776,0.9601859066966514,0.9963011109747288,0.5487780730035327,0.8096378317706324,0.9971418494998201,0.8006937544189843,0.5557216158513643,0.9980231862635469,0.5674210399601385,0.8005870294103946,0.9891815946333727,0.8267448704225102,0.5443367591647267,0.999521908112088,0.6216808551771377,0.7276881871960583,0.9730833959208558,0.8104532050070005,0.5538358769237951,36025724877
-5.718703269958496,172.149658203125,43.044734954833984,-0.6067549586296082,0.19342416524887085,-0.7709964513778687,-0.13914930820465088,-0.9808110594749451,-0.13655449450016022,18.77689552307129,4.031198024749756,-0.23320789635181427,0.6558659506374365,0.7283440277383881,0.9286162081867891,0.7049714017573997,0.6804431927466336,0.9928165041079499,0.5487971961343244,0.8068963486701071,0.9909810972847881,0.8091810262436211,0.9598082966197515,0.9962801459559575,0.5489943329313118,0.8094222845157905,0.9971090270880378,0.8004500554706552,0.5556517186031722,0.9980006702525918,0.5678529495777181,0.8006038343068282,0.9890868880066553,0.8266661477829692,0.5443170062298625,0.9995395006805101,0.6226194306483813,0.7281268791216549,0.9728290037485271,0.8104972495451118,0.5537697130344245,36025733557
-5.539945125579834,172.19976806640625,43.06143569946289,-0.6048905253410339,0.19369083642959595,-0.7723932266235352,-0.1418985277414322,-0.9806610345840454,-0.13479141891002655,20.459877014160156,5.735222816467285,1.9112998247146606,0.6557169042658936,0.7282222560534002,0.9282608491343487,0.7041744963095957,0.6800975599568683,0.9928404685082795,0.5489797405783854,0.8065210010255706,0.9909214142349607,0.8090054690668119,0.9594951691729867,0.9962782254821603,0.5492135720131496,0.8095553996579813,0.99708748918441,0.8005945108848026,0.555624775835802,0.997984508289699,0.5681870554047547,0.8006630409568035,0.9890874219427294,0.8264172472725024,0.544316181442589,0.999547538232527,0.6231010465680106,0.7282332832634486,0.9728288188462954,0.8100271798713805,0.5537539872536295,36025742294
-5.3581438064575195,172.1468048095703,43.0621223449707,-0.6031760573387146,0.1874409317970276,-0.7752706408500671,-0.13951316475868225,-0.9818037152290344,-0.1288314014673233,20.517053604125977,-5.9776105880737305,0.07764450460672379,0.6553996388489386,0.7263450569538974,0.9254046488313941,0.7031585479459861,0.6782433961562121,0.9937252494378647,0.5475547327229365,0.8006011668539027,0.9919582473773042,0.8036534620703224,0.9573804124605578,0.9968785445630064,0.548115806638851,0.8061899711784892,0.9976053606742236,0.7978161370905064,0.5552568215509815,0.9984521326927109,0.5663190876212928,0.7966925968652189,0.9901592752495977,0.8235944171173005,0.5442370986741154,0.9991984787191698,0.6206541003973961,0.7237334603599204,0.9743894271918981,0.8089497041394357,0.5537177818498363,36025751155
-5.190421104431152,172.14920043945312,43.061195373535156,-0.6009809970855713,0.18715165555477142,-0.7770431637763977,-0.1417815238237381,-0.981743574142456,-0.12679724395275116,19.940868377685547,0.28640806674957275,-0.11022669821977615,0.6551697336455446,0.7258163565382422,0.9247375090437754,0.7027607084598936,0.6778502141600373,0.9937754238192522,0.5475269693714363,0.7998399956019777,0.9919306778350536,0.8032116106604784,0.9573793127846734,0.996892187365892,0.5481605249720687,0.8058596925153125,0.9976470310535872,0.7972606775510241,0.5552498646414777,0.9984436149480358,0.566348688249606,0.7965987582872407,0.9902803907575423,0.8229754915439953,0.5442346356697532,0.9991885872982975,0.6204248420322679,0.7235747058773426,0.974757748050733,0.8080628393473104,0.553761964796423,36025759566
-5.013382911682129,172.14675903320312,43.060909271240234,-0.5984353423118591,0.18732650578022003,-0.7789633274078369,-0.14401204884052277,-0.9815959334373474,-0.12541930377483368,18.539939880371094,-0.25568732619285583,-0.03001314215362072,0.6551135006488181,0.7253834739249498,0.9243409133690057,0.7022858350026232,0.6778557141155519,0.9937728602765871,0.5476052042848177,0.7993680656518038,0.9917443748963295,0.8033668076036152,0.957433531319668,0.9968751558376437,0.5482295404792848,0.8054934224020823,0.9976190869601442,0.7969369203204105,0.5552866285641106,0.9984059798524597,0.5665913992550473,0.7965483316303407,0.9902635209562352,0.8225124042486706,0.5442001236304452,0.9992060065103348,0.6205120087809146,0.7239455218178033,0.9750087445322811,0.807420671598147,0.5537751034734543,36025769115
-4.8646135330200195,172.1778106689453,43.05895233154297,-0.5963689088821411,0.18801508843898773,-0.7803809642791748,-0.14636750519275665,-0.981354296207428,-0.12458066642284393,15.010522842407227,3.1322021484375,-0.19722378253936768,0.6551744621283812,0.7250556536891353,0.9241688894471064,0.7017208926735343,0.6781360716066468,0.993738013886841,0.5476422546668884,0.7990947093391321,0.9915233714654467,0.8037272167679002,0.9574371720439756,0.9968521221214363,0.5482391028863103,0.8051026347750444,0.9975672896091161,0.796741248592721,0.5553296107900968,0.9983697083389274,0.5667759091863248,0.7965545829663879,0.9902117936923864,0.8222801001488619,0.5441644581723576,0.999227684574006,0.6205687898155401,0.7242862259989928,0.9751733248947437,0.8069422687950519,0.5537716140932034,36025779026
-4.700163841247559,172.1520233154297,43.04087829589844,-0.5944216847419739,0.18793590366840363,-0.7818841934204102,-0.1471349000930786,-0.9813114404678345,-0.12401258945465088,25.122161865234375,-3.939336061477661,-2.7615060806274414,0.6554192011468306,0.7246819386974321,0.9240967424598101,0.7015611701717439,0.6786734766548942,0.9937777439234707,0.5475637661847952,0.7990244481568365,0.9913951310789699,0.8043301670238032,0.9574200947279519,0.9968762995601913,0.5481355545104765,0.804869852549226,0.9975787133369108,0.7966216404203029,0.5553767338630569,0.9983638069178462,0.5668248358906449,0.7966919714793855,0.9902831571217646,0.822090901632698,0.5441105244942269,0.9992304380449595,0.6203751893197099,0.7248007071029765,0.9755422812832983,0.8066214380044378,0.5537524457071626,36025785572
-4.536258220672607,172.126220703125,43.02841567993164,-0.5921980738639832,0.18678899109363556,-0.7838439345359802,-0.1471380591392517,-0.981473445892334,-0.12272029370069504,17.850753784179688,-2.8099095821380615,-1.3571237325668335,0.6555824036830014,0.7241207739038589,0.923755762791391,0.7013037151889698,0.679026114405705,0.9938551108073529,0.5474479299399209,0.798931452997348,0.9913111816801171,0.8049317769485617,0.9574286019329218,0.9969368490516298,0.5479712973738728,0.804474056102042,0.9976230200910814,0.7963655215901077,0.5554290278775058,0.9983856270936906,0.5667643113266829,0.7966114561949846,0.9904201557245003,0.821746246186348,0.5440515113309791,0.9992098084952981,0.6199773127322312,0.725065218937796,0.9760481620238449,0.8061557663131225,0.553737751740656,36025794754
-4.389484882354736,172.1229705810547,43.01961898803711,-0.5903353691101074,0.1861114352941513,-0.785408616065979,-0.14613847434520721,-0.9816173911094666,-0.122763492166996,18.000181198120117,-0.39945536851882935,-1.0790648460388184,0.6557941641758775,0.7233180652692816,0.9233115181415521,0.7010626430891839,0.679558411515682,0.9939566285408987,0.5472351306343493,0.798670766510692,0.9913083483469449,0.8052306031969068,0.9575174028436503,0.9970107677864063,0.5476987712801658,0.8039325656925408,0.9977009553016134,0.7958704141791711,0.5554824730155229,0.9984166529482857,0.5664991544142065,0.7963671244009449,0.9906250374442881,0.82117879904309,0.5439909533357955,0.9991791181869374,0.6192090139350137,0.7251976957361133,0.9766775325265848,0.8056337531673955,0.5537462005243498,36025802908
-4.2393879890441895,172.11410522460938,42.996498107910156,-0.5882229804992676,0.1855248063802719,-0.7871304154396057,-0.14562895894050598,-0.9817184805870056,-0.12256016582250595,17.31624412536621,-1.0216944217681885,-2.6673357486724854,0.6560563597359503,0.7225696884595358,0.9229324223016583,0.7010224637291786,0.6801248262323517,0.99410757387762,0.546950531515714,0.7981610617938197,0.9913432824663402,0.8054006768898117,0.9575257691137073,0.997112475993885,0.547376501906697,0.8033337778221772,0.9977915805299188,0.7954197663859333,0.5555284671486641,0.998464612303614,0.5662056452974452,0.7961490324328013,0.9908575786777852,0.820700779723,0.5439152573744702,0.9991381660667262,0.6184811579644302,0.72552164978064,0.9773312642578529,0.8053706024667651,0.5537203383349857,36025811576
-4.091878890991211,172.13528442382812,42.96670150756836,-0.5864150524139404,0.18545815348625183,-0.7884939312934875,-0.14418692886829376,-0.9817898273468018,-0.12368838489055634,17.037277221679688,2.446392774581909,-3.4415202140808105,0.6564856324088695,0.7215278771071679,0.922217295675836,0.7009642551588483,0.680695361191229,0.9942600595480104,0.5466329514957478,0.7974165425695666,0.991401130646698,0.8052852841725482,0.957593481899536,0.9972197829794555,0.5469627910974663,0.8025089914242824,0.997877367190397,0.7948526522961824,0.5555967711957521,0.9985162954664001,0.5657302112043909,0.7956469592385621,0.991111979998805,0.8199781886862202,0.5438428394091489,0.9990890912769774,0.61739034067406,0.7255066996662362,0.9780633403961795,0.8048496957126103,0.5537279605631212,36025820234
-398.8484802246094,224.84898376464844,-229.13331604003906,-0.7659489512443542,0.4510745108127594,-0.4580982029438019,0.031607624143362045,0.7381076216697693,0.6739422082901001,0.0,0.0,0.0,0.7314754088355758,0.6513296720174219,0.6838339574044091,0.5939732624653474,0.6550411208441805,0.6078195779776807,0.8990320939302816,0.7677919208745299,0.7225202221229622,0.9508055483766814,0.6167707793932281,0.577278007369385,0.9175954951138788,0.7595406656273542,0.7925437085884821,0.9387413112760536,0.5456527515608329,0.5602623363518392,0.9046222620006052,0.786798375254096,0.8133007047731119,0.9303108405158025,0.5464347463731144,0.5616949210552421,0.8488297896976944,0.9243276992748364,0.7526992186106867,0.8634367149513384,0.5410343467970709,36025820234
-3.9321129322052,172.1020050048828,42.94370651245117,-0.5850324630737305,0.18431174755096436,-0.7897887229919434,-0.14220987260341644,-0.9820590615272522,-0.12384025007486343,17.935123443603516,-3.736886739730835,-2.581281900405884,0.6570218635611398,0.7206463847459085,0.9216197458250585,0.7007375157881163,0.6813392855676383,0.9945228958178126,0.5462424790958014,0.7964786679796145,0.9914631842507999,0.8055065767636553,0.9572982401217377,0.9973922934012432,0.5465065859924937,0.8019097072325285,0.9979672800176372,0.794922102994944,0.5556179698636967,0.9986113403318478,0.5652499316130082,0.7953526639763707,0.991408458888793,0.8197197436779752,0.5437525140653523,0.9990058818484268,0.6163428277489162,0.7258186638811114,0.9788526628616909,0.8049618844764254,0.5537073447271281,36025829142
-397.74383544921875,224.71705627441406,-227.86016845703125,-0.7576156854629517,0.46050721406936646,-0.46254900097846985,0.026100674644112587,0.7294774651527405,0.6835067272186279,124.00848388671875,-14.80907917022705,142.92124938964844,0.7406549743100393,0.6610103013999676,0.7017459509922451,0.5995562546779286,0.6599101088349982,0.6179810776192531,0.8644735264135217,0.7601453727013524,0.6696246114922557,0.975326055317684,0.6256249662702857,0.5780939287473267,0.8938394999837275,0.7489768936416331,0.7619911993736691,0.9636179755008539,0.5492042648921984,0.558682111306203,0.8671625250445045,0.7997342862853283,0.7734818209213177,0.9503772737042219,0.5462125004389445,0.5601322330520748,0.7693529187446652,0.9148352866726162,0.6770256902869449,0.9392642954191844,0.5412496794633083,36025829142
-3.795224666595459,172.0868377685547,42.94236755371094,-0.5850952863693237,0.18397808074951172,-0.7898199558258057,-0.13876751065254211,-0.9822754859924316,-0.12600964307785034,16.14249038696289,-1.7878495454788208,-0.1580408364534378,0.6576095300845309,0.7198083248088675,0.9213011504604992,0.7002326263625601,0.6824115457366633,0.994790951643757,0.5458284581219947,0.7954897979296555,0.9915141385534642,0.8057839122570973,0.9568795889089868,0.9975647860238214,0.5460329230812739,0.8013093820228191,0.9980295364671378,0.7952224286619317,0.5556031441827363,0.9987101038796083,0.5646981799575028,0.7950397128747845,0.991633057402868,0.8198029740836048,0.5436836468254794,0.9989165873108515,0.6152366283601215,0.7257371157917335,0.9794382197747661,0.8052701685755754,0.5537315557180092,36025837622
-397.2531433105469,223.87242126464844,-227.66419982910156,-0.7495566606521606,0.4475599229335785,-0.48770368099212646,0.038282234221696854,0.7648559212684631,0.6430628895759583,57.86428451538086,-99.60264587402344,23.109535217285156,0.7390384191931231,0.6521879146893061,0.7149778175690256,0.611984504233502,0.6770286465959571,0.6734241888077823,0.9254793055824869,0.6252735202073918,0.6737074892916396,1.0000000556621198,0.6537791311601546,0.5845216471663446,0.8979574977468834,0.6308169442299054,0.7542766717565769,0.9999996476685841,0.5743908910958845,0.5644316098745665,0.8374799901092302,0.7576129418290057,0.7273910907057033,0.9868386435544395,0.5452435519942881,0.5689865813651039,0.6933595167742478,0.9575970263314936,0.5968009649716474,0.9476095457683006,0.5408765298054705,36025837622
-3.7013185024261475,172.0697784423828,42.94379425048828,-0.586197018623352,0.18363341689109802,-0.7890828847885132,-0.1344805210828781,-0.9825169444084167,-0.12874549627304077,10.843650817871094,-1.9699522256851196,0.16501106321811676,0.6581687947769005,0.7190405355775086,0.9211954918801454,0.699602591069025,0.6837083296200225,0.9950353408554379,0.5454846200444262,0.7945404150843001,0.9915591597667036,0.8060056834904624,0.9564934648208118,0.9977161448940862,0.5456336848896487,0.8008616651103725,0.9980627298413814,0.7957451834911957,0.5555772780171498,0.9987957773109095,0.564218906854389,0.7947669589754042,0.9917922380437958,0.8200314311708964,0.5436299507888885,0.9988354414345237,0.6142237802135048,0.7255566128869909,0.9799010936106479,0.8055713087007867,0.5537674492973906,36025846282
-396.0665588378906,223.7335662841797,-226.38922119140625,-0.7510088086128235,0.460389107465744,-0.473315566778183,0.042047034949064255,0.7487177848815918,0.6615540385246277,137.01922607421875,-16.035356521606445,147.22657775878906,0.7374634493394233,0.6565675899158856,0.704622629286154,0.6016983694758022,0.6664456756213887,0.6450306445750518,0.8760184281847103,0.6709269960607847,0.650918007358935,1.000000052570724,0.644093692896093,0.578263632833376,0.8175009903525836,0.7061691051358281,0.6846755015550818,0.9999996792512174,0.5664257480582792,0.5567436664735577,0.7661796513320914,0.8115879960464413,0.6787163959414692,0.9923447548067393,0.5457550849166898,0.5704784574071738,0.6269489528522859,0.9722040928443042,0.558567468134502,0.9747506291075495,0.542494576698526,36025846282
-3.589451313018799,172.0930938720703,42.953697204589844,-0.5882295966148376,0.18388836085796356,-0.7875093817710876,-0.12841100990772247,-0.9826880097389221,-0.13354727625846863,12.952110290527344,2.699363946914673,1.1466528177261353,0.6588868660119995,0.7180659229969723,0.9209500619092081,0.69876118588388,0.6852230615129267,0.9952756376194168,0.5452343066377755,0.793915468906973,0.9916135591185051,0.8064780791655688,0.9561489187723238,0.9978562404756834,0.5452806299548227,0.800889795520085,0.9980834902599379,0.7967708181710287,0.5555636042651283,0.9988694351282116,0.5637544633613506,0.7947379258783265,0.9919316865068737,0.8204780759828402,0.5435945198662117,0.9987658527949622,0.6131229541467607,0.7252590805710359,0.9803138956706562,0.8057548144634017,0.5538464803169061,36025854919
-394.965087890625,223.38015747070312,-224.86573791503906,-0.7566421627998352,0.4692855775356293,-0.4552622139453888,0.03318192437291145,0.7229655385017395,0.6900867819786072,127.52735137939453,-40.91733169555664,176.38990783691406,0.7363916920173659,0.6629720633709896,0.7072094586327823,0.593997273186347,0.6655158393953535,0.6269352026778999,0.8190732010213536,0.7231865544166199,0.6226309407003454,1.0000000236652318,0.6470377558368026,0.5692792606482618,0.7474828449308535,0.7747960705969245,0.6438421461523216,0.999999665084634,0.5682182956595423,0.5512829062349912,0.6606384303527612,0.8650968046217602,0.6055417158110662,0.9999995782273832,0.5450617091336444,0.5662210930637354,0.5662208843387265,0.9919997133900618,0.5403021831468394,0.992894837809975,0.5446323688108798,36025854919
-3.5261049270629883,172.1044464111328,42.96098327636719,-0.5913788676261902,0.18471334874629974,-0.7849534749984741,-0.12176375091075897,-0.9827054738998413,-0.139511838555336,7.299650192260742,1.3084917068481445,0.8393338322639465,0.659540654835033,0.7173163758189901,0.9212650414966362,0.6977924777366751,0.6872470787683505,0.995467198531964,0.5450764484364391,0.7935748092275774,0.9916064576499097,0.8071999375737833,0.9558578790688318,0.9979618940847629,0.5450155624250909,0.8012479675709594,0.9980516699935285,0.79825705373999,0.555543260160378,0.9989240889576901,0.5634272523801,0.7949877808283898,0.9919567916404014,0.8213955950223245,0.5435769694939656,0.9987205570359432,0.6122637472169122,0.7251527112977265,0.9805083531483573,0.8063070046409551,0.5539339410323046,36025863597
-393.9074401855469,222.7831573486328,-223.30661010742188,-0.7613610625267029,0.47367075085639954,-0.442679762840271,0.02301234006881714,0.7021159529685974,0.7116906642913818,121.8782730102539,-68.79483795166016,179.66441345214844,0.733395261932785,0.6661294058013798,0.7154957347531887,0.5911391417573605,0.6676320072154301,0.610376944630797,0.8018726355761574,0.7475479026220506,0.6299739347791625,0.9983123655857281,0.6619250676885238,0.5631242295483088,0.6748068773646213,0.8501944352666996,0.6031017423927086,0.9999996442274048,0.5731524883579057,0.5498816263109827,0.6216649420313118,0.8896732144134104,0.5814985458549209,0.6911713450608641,0.5435583719192951,0.5530167800636314,0.5572524191417869,0.8803384626222359,0.5406612796691826,0.7909981306231292,0.5431492807207702,36025863597
-3.456984758377075,172.09422302246094,42.984901428222656,-0.5941045880317688,0.1851232647895813,-0.7827957272529602,-0.11649235337972641,-0.9826990962028503,-0.14398625493049622,7.8679633140563965,-1.1632448434829712,2.722555160522461,0.6599286722168134,0.7167617408742843,0.9221460131652626,0.696862451239294,0.6896580885281294,0.9956851185735134,0.5449313554002152,0.7928692194044329,0.9915637464309227,0.8078365938587787,0.9554848309747633,0.9980778624812303,0.5448012369406171,0.8013498503883487,0.9980091170505817,0.7996324445986295,0.5555141526585086,0.9989824043675375,0.5632524577647875,0.7951330126017703,0.9919398171478537,0.8223431573895322,0.5435506806939734,0.9986802012761977,0.6117813370839468,0.7253111372369427,0.9805971371785246,0.8071234957030062,0.5539678661307144,36025872382
-392.6549377441406,222.13235473632812,-221.74789428710938,-0.7644133567810059,0.4786697030067444,-0.43191152811050415,0.020930178463459015,0.6879853010177612,0.725422739982605,142.57424926757812,-74.08097076416016,177.43087768554688,0.7315925354832286,0.6649091649345039,0.7146632571786259,0.5929818660967472,0.6612771641792379,0.5939694509380323,0.805013986807672,0.8448386936164176,0.6655801673316144,0.9649341639645898,0.6999467811376878,0.5613941872134771,0.6199202799694563,0.9911442585113931,0.5707521409652704,0.8678748685212303,0.582258570288152,0.5499494179392714,0.617097120182066,0.81899309747101,0.5804319563506962,0.6326564683573158,0.5428990486604416,0.5474930780771787,0.5756047228796474,0.7657775345519355,0.5512458273988763,0.640743545994325,0.5436283310128585,36025872382
-3.3940913677215576,172.05767822265625,42.98922348022461,-0.5964395403862,0.1852339804172516,-0.7809918522834778,-0.1132083311676979,-0.9826939702033997,-0.1466166377067566,6.823635578155518,-3.965210199356079,0.4692302346229553,0.6601368288617864,0.7165366018512096,0.9234055757664139,0.6962355881622873,0.6920275497778726,0.9958569204576697,0.5448717440454097,0.792490211802287,0.9915426610430111,0.8084624322779516,0.955174297256321,0.9981704327245315,0.544695611280028,0.8016853053749977,0.9979741680687634,0.8009785007514183,0.5554954384754085,0.9990309122465567,0.5632046538070714,0.7955114393987118,0.9919302118895837,0.8233398001579518,0.5435335983034218,0.9986475418781492,0.6115762545491092,0.7257166805409732,0.9806309790084183,0.8080751137902598,0.5539881171268363,36025881599
-391.1455993652344,221.21131896972656,-220.3182373046875,-0.76560378074646,0.4814905524253845,-0.4266353249549866,0.015729432925581932,0.6769977807998657,0.7358169555664062,163.75465393066406,-99.92756652832031,155.11082458496094,0.7306026827838945,0.6634240099111097,0.7163676985313692,0.5969126978459919,0.6576021535047977,0.5969981575459966,0.7451363422168783,0.8818002666707138,0.6184632177729975,0.976943179575123,0.7118215462058799,0.5620048620353962,0.6256784095397577,0.8825069704683046,0.5792206640898874,0.6899278759792578,0.5955360991182171,0.5508677427975206,0.6212513951355695,0.7689893498004158,0.5837164655701478,0.5936400275248584,0.5427987891701903,0.5466091040970646,0.5871582779009967,0.7190387359197967,0.55969920562745,0.5919754014164714,0.544234698961478,36025881599
-3.3221547603607178,172.00729370117188,42.99821090698242,-0.59921795129776,0.18513552844524384,-0.778885543346405,-0.1100466176867485,-0.9827066659927368,-0.14892049133777618,8.945106506347656,-6.266551494598389,1.117539882659912,0.6603188900267006,0.7165952839930965,0.9245566649198927,0.695644808062537,0.6938757280293862,0.9959330190173808,0.5448548613466002,0.7923233503336654,0.9914872668158367,0.8089113644725203,0.954953403709058,0.9982078985626907,0.5446391757803747,0.8021004456333563,0.9979125287810718,0.8021580067456895,0.5554630820024093,0.9990491859894284,0.5631822581143201,0.7958987164862125,0.9918657446306379,0.8242072782112643,0.543529445359545,0.9986415550386943,0.6113410439243522,0.7259735602479622,0.9806119287230777,0.8087026474655431,0.5540338142256385,36025889641
-389.6561584472656,220.43397521972656,-219.0177001953125,-0.7648969292640686,0.4835406243801117,-0.4255833327770233,0.011328479275107384,0.6706827282905579,0.7416578531265259,185.20680236816406,-96.66102600097656,161.7176971435547,0.7299873626416151,0.6598022806275275,0.7265691769838133,0.6067268128318133,0.6636843693109941,0.610698531540493,0.636344540728391,0.8904537590679948,0.5474364763931551,1.000000015036469,0.70504071655579,0.5642583236914257,0.6349655050595029,0.8216596967458982,0.5868365238061193,0.6245042875530142,0.6083737817490241,0.5523541559878333,0.6230894192429764,0.7643789062484573,0.5836219679513028,0.5897507532855759,0.5429711248466159,0.5475407621297171,0.5929575085245467,0.7107020508306583,0.5619792578335832,0.5813708149952707,0.5445840911826488,36025889641
-3.2621304988861084,171.96861267089844,42.9976806640625,-0.6020717620849609,0.1854647397994995,-0.776603102684021,-0.10596242547035217,-0.9826046824455261,-0.1525123119354248,6.1995849609375,-3.9952170848846436,-0.054955411702394485,0.660559290864432,0.7165225458869949,0.9256744376825983,0.6948251297506091,0.6959491898633643,0.9960213609372117,0.5447794447804788,0.7917947538389472,0.9914332096695617,0.8090947490094117,0.9547124636438077,0.9982494063709537,0.5445383885580967,0.8024390457384618,0.9978558801440957,0.8032749882960635,0.5554145362054697,0.9990706604751328,0.5630759744728998,0.796238358164099,0.9918053720272446,0.8250924593623129,0.5435271791870406,0.9986355758131124,0.6109331885481938,0.7260986485230722,0.9806238599569561,0.8092187145245444,0.5540909451305391,36025899323
-387.80975341796875,219.62368774414062,-217.52133178710938,-0.762955367565155,0.48691534996032715,-0.42522063851356506,0.014498569071292877,0.6704999804496765,0.7417678236961365,190.7056427001953,-83.69036865234375,154.55105590820312,0.7292820073209774,0.652121138990235,0.7136935887487744,0.6278659354528205,0.6330989313883766,0.6134162300699807,0.6134164449811115,0.9999998592175005,0.5403022542681061,0.9458666528476362,0.7020780779660305,0.5658718520373061,0.6373680906112995,0.7998748786112237,0.5900491025367972,0.6069229882993208,0.6161745159379555,0.5536094449986323,0.6202539050900269,0.7624663227344395,0.5813638536644096,0.591709319692297,0.5429417786237306,0.5493590652409789,0.5926575759822074,0.7058532442209113,0.5591496565309256,0.5790410270821749,0.5447137651239067,36025899323
-3.1861021518707275,171.94589233398438,43.00131607055664,-0.6047316193580627,0.18590766191482544,-0.7744275331497192,-0.10238702595233917,-0.9824529886245728,-0.15589432418346405,9.885358810424805,-2.9528403282165527,0.4726191759109497,0.6607531564570756,0.7164269338680977,0.9265284398046337,0.6940522437324063,0.6976363127697833,0.9960510898071057,0.5447718285460013,0.7915281991064228,0.9914216844280287,0.8090346504688688,0.954632654078599,0.9982501870179592,0.5445118593793491,0.8030384848141742,0.9978105157696809,0.8042176469078195,0.5553869956739176,0.9990671652096451,0.563005016702863,0.7966586032185118,0.9917773354428503,0.8256288193733138,0.5435426808832029,0.9986502335386439,0.6104653276942505,0.7262685052004256,0.9807147018819989,0.8093271226502531,0.5541641554121746,36025907014
-386.194580078125,219.0645751953125,-216.10543823242188,-0.7604231238365173,0.4899209439754486,-0.42630285024642944,0.018963631242513657,0.6728993654251099,0.7394909262657166,210.0059814453125,-72.69581604003906,184.09678649902344,0.7274823668369467,0.6444092892699868,0.6961852462144077,0.6442918968131177,0.6073253355915947,0.6126953545211952,0.6126954748487518,0.6748296224532153,0.5403022040620694,0.5687961645187803,0.6968695899050001,0.5678755079725308,0.6342434839592193,0.7915165064143258,0.5878036104400666,0.6053862331929204,0.6199215634496242,0.5552215282373563,0.6145224492282035,0.754169552801716,0.5762558138027533,0.5925198557676387,0.5429086160265629,0.5515444054833312,0.5900389892943858,0.6987910924711025,0.5549488690102116,0.5775862003263639,0.5452214586020729,36025907014
-3.100196123123169,171.95217895507812,43.009681701660156,-0.6075859665870667,0.1862526535987854,-0.7721070051193237,-0.09770993888378143,-0.9822598695755005,-0.16005724668502808,9.818958282470703,0.718014121055603,0.9563431739807129,0.6610440242476265,0.7160015354931474,0.9269902809701384,0.6930529220877735,0.6992915135546781,0.9960855508622634,0.5447706792269252,0.7911105577108871,0.991435561609474,0.8087529680429518,0.9546119808171704,0.9982436715026654,0.5444540095393396,0.8036929944827924,0.9977880960757415,0.8050104356762608,0.5553796979147185,0.9990560781841142,0.5628182484804206,0.7970572404230761,0.9918202278708794,0.8258422571792565,0.5435602992170773,0.9986621602664799,0.6096811513719992,0.7264573762973662,0.9809757987706906,0.809200185004188,0.5542744578578995,36025915763
-384.4311218261719,218.49191284179688,-214.45912170410156,-0.7577037215232849,0.4955700933933258,-0.42461201548576355,0.03092552162706852,0.6771834492683411,0.7351640462875366,201.56117248535156,-65.45594024658203,188.17303466796875,0.7266891770397301,0.6386203768699185,0.6879049474551406,0.6555754204269792,0.5981112082802384,0.6083712572839655,0.6083711630660396,0.5803126176365144,0.540302305287081,0.5444993153070852,0.6896743603613045,0.5693298097907832,0.6280488223109217,0.7823523378173609,0.5846033671708415,0.6065704782402637,0.6207675412570075,0.5567816541980638,0.6081776736086071,0.7432761438662607,0.571313909029152,0.5927177065576478,0.542757936729422,0.5530656021178915,0.586284058600951,0.6889719051898141,0.5515049627355244,0.5757627183270867,0.5458378154276863,36025915763
-3.04707932472229,171.97976684570312,43.007781982421875,-0.6107308268547058,0.18705764412879944,-0.7694265842437744,-0.09369558095932007,-0.9819416999816895,-0.164352148771286,6.174936771392822,3.206587553024292,-0.22072701156139374,0.6609964877570859,0.7159093641142331,0.9279607016605905,0.6921397692140779,0.7010191436748051,0.9960080784298674,0.5448244274329074,0.7910250613524066,0.9913522053427297,0.8085252663801058,0.9548663940061672,0.9981750212054558,0.54447267952473,0.8043649696379689,0.9977049845732079,0.8057179318238067,0.5553628947734058,0.9990088639478202,0.5627515447788561,0.7975312485892387,0.9917115337879401,0.8262435473409927,0.5435958226488918,0.9987195382005524,0.6091732528382062,0.7267470367336906,0.9809718516682773,0.8092396657219192,0.5543822812614336,36025924365
-382.8044128417969,217.8007049560547,-212.8006591796875,-0.7552667260169983,0.5005984306335449,-0.42305248975753784,0.044132184237241745,0.6828479170799255,0.7292263507843018,189.11061096191406,-80.35388946533203,192.79908752441406,0.7254125573107391,0.6356626752202962,0.6823953720680178,0.6637138426142559,0.5901065490964081,0.6075304330886706,0.6075305010681806,0.5795162590650781,0.540302390751007,0.5444993620789071,0.6809045322978902,0.5703567899701077,0.6234230530886705,0.7801145585183888,0.5824463088259012,0.6111583503570308,0.6227475537965317,0.5581085598794252,0.6036404420958454,0.7363794806009746,0.5674104216996714,0.5937772697429193,0.5426627306423404,0.5544011875693402,0.5833843509286939,0.6824756887409357,0.5489604219830002,0.5750054472723036,0.5465686401660838,36025924365
-2.951690196990967,171.9938507080078,43.00167465209961,-0.6132252812385559,0.188177689909935,-0.7671661376953125,-0.09017591923475266,-0.9815373420715332,-0.16867958009243011,11.078872680664062,1.6356630325317383,-0.7093616127967834,0.6609952934643686,0.7157398596447612,0.9287336012935482,0.691138876072583,0.7026101331171658,0.9958995875327519,0.5449185295207969,0.7913423393475917,0.991300081277546,0.8084021780086929,0.9552431887269395,0.9980853778981259,0.5445315668088433,0.8053195512379363,0.9976348046845298,0.8064453332252566,0.5553604249297642,0.9989353034216821,0.5627561200526207,0.7983519576221804,0.9915896351408156,0.826735272167322,0.5436353691480297,0.9988082710822864,0.6087576607378338,0.7272986905837423,0.9809085286264858,0.8092765739993671,0.5544827097572311,36025932975
-381.236572265625,216.91258239746094,-211.32911682128906,-0.7530940771102905,0.503108024597168,-0.42394763231277466,0.05583833158016205,0.6909348368644714,0.7207573056221008,182.09368896484375,-103.14959716796875,170.9114990234375,0.7233815883537352,0.6333710888430346,0.677893400185738,0.6709047820940172,0.5830866036165876,0.6095920955281847,0.6095922303592656,0.5810088218544222,0.5403024082835431,0.5444994911746873,0.670140134380502,0.5718956533583471,0.620951539889697,0.7789199273539401,0.5799580652936194,0.6144249712463343,0.624394687568246,0.5593121635625219,0.6017015681840384,0.7355166473544625,0.5642621096932589,0.5957526482184975,0.5428810863619823,0.5560194205563973,0.5819647136694968,0.6807325300132315,0.547062326977198,0.5753388998421736,0.5473396039542444,36025932975
-2.888892412185669,171.97320556640625,42.98899841308594,-0.615539014339447,0.18825788795948029,-0.7652912735939026,-0.08763344585895538,-0.981378436088562,-0.170928955078125,7.233942985534668,-2.3777875900268555,-1.460186243057251,0.6608744762790905,0.7159454470462565,0.9298552145165377,0.6903131649521861,0.7041172945981008,0.9957751237348498,0.5450879379808495,0.7921408371416537,0.9912418168302374,0.8086677347924575,0.9555546492302556,0.997992214989378,0.5446657959303509,0.8066492629083151,0.9975608286597065,0.8075232365171906,0.5553590208431766,0.9988665509346134,0.5628948062401379,0.7995006586105821,0.9914653437236081,0.8275767141717286,0.5436765615871332,0.9988882852202091,0.6086661535902561,0.7281457865592744,0.9807631612292067,0.809737140744017,0.5545497930470334,36025941656
-379.7643737792969,215.854736328125,-209.8477020263672,-0.7520217299461365,0.5034863352775574,-0.4253996014595032,0.06745749711990356,0.7007876038551331,0.7101733684539795,169.59068298339844,-121.85855102539062,170.64996337890625,0.7209226118312624,0.6319450239251504,0.6738371558066734,0.6760935459557945,0.5767965007951984,0.6132632480931185,0.6132630799163215,0.583883803161554,0.5403023029428222,0.5444994930621093,0.6641423340976188,0.5729780711453081,0.6198711406307811,0.775739538072398,0.5774955631193092,0.6140359322417499,0.6278476792128351,0.5597514919359429,0.6003592901284415,0.7367672823817306,0.5617245970812985,0.5978726201497506,0.543287384344115,0.5574704070858943,0.5805197965116943,0.6802483353689582,0.5455068483380505,0.5762843017381384,0.5478035615886557,36025941656
-2.803981304168701,171.96165466308594,42.948394775390625,-0.6173850297927856,0.18856383860111237,-0.7637273073196411,-0.08688953518867493,-0.981252133846283,-0.1720304787158966,9.759888648986816,-1.3272228240966797,-4.667148113250732,0.6605598400340147,0.7164350116067848,0.9312706693612745,0.6897498108941593,0.7055193500101498,0.9956107030635882,0.5452546617673132,0.7927214439835766,0.9911691720894866,0.8085719003583987,0.9558913791302412,0.9978837326723206,0.5448424158483977,0.8075471502697713,0.9974765316553291,0.8081119903038373,0.5553485476383622,0.9987976372909332,0.5631066234169199,0.8003943445202771,0.9912851824382364,0.828343014356667,0.5437183694208794,0.9989683930640844,0.6088266936873071,0.7288721304627492,0.9804754880435136,0.8102573489645689,0.5545987312619247,36025950356
-378.2710876464844,214.72898864746094,-208.20887756347656,-0.7518131136894226,0.5055551528930664,-0.4233095645904541,0.08379528671503067,0.7100337743759155,0.699164092540741,171.64151000976562,-129.39505004882812,188.3702850341797,0.7191521499549374,0.6309290957594171,0.6714606561768998,0.6790222148908267,0.5735446303890112,0.6109531126173129,0.6109528144551019,0.5821082669941395,0.5403023162169541,0.5444992245507463,0.6690662557135951,0.5719373273659853,0.6178045944701264,0.7737946316781371,0.5763737692250103,0.6144098986633332,0.6309862456042621,0.5587452457686332,0.5978962703350339,0.7354800669915217,0.5604117730817462,0.5990755746824091,0.5434440848551011,0.5575820178521324,0.5775288355403428,0.6769681690749747,0.5443129497153836,0.5770620374604712,0.548295576446716,36025950356
-2.7070915699005127,171.99913024902344,42.91561508178711,-0.6187744736671448,0.18919244408607483,-0.7624462842941284,-0.08515410125255585,-0.9810008406639099,-0.17431622743606567,11.215378761291504,4.337911605834961,-3.794356346130371,0.6603601426074316,0.7168752831679308,0.932361887921264,0.6888512024789777,0.7066471018489752,0.9954586611168666,0.5454609049934175,0.7932795969132823,0.9910059300642913,0.8088350487507976,0.9560682242405111,0.997787447174202,0.5450367766204774,0.8086447261291408,0.9973656832922718,0.8091587833946308,0.5553309487337733,0.9987283864167611,0.5633608045374254,0.8014582311280285,0.9910799608769121,0.8293633909731082,0.5437690647780744,0.9990490315214118,0.6090230875357803,0.7293329159256022,0.9801316310534472,0.810557899430067,0.5546755608245382,36025958995
-376.7831726074219,213.4075164794922,-206.84999084472656,-0.7517388463020325,0.505318820476532,-0.42372339963912964,0.09374108910560608,0.7178866267204285,0.6898198127746582,172.23153686523438,-152.96592712402344,157.29721069335938,0.7167742378051436,0.629833280130096,0.6713102114423375,0.6810089613637629,0.5728089865413827,0.6146832154058661,0.6146833031617108,0.5850169523630129,0.5403021939097846,0.5444993308236926,0.6618327310806416,0.5718747792805927,0.6172175928769043,0.7722659949359629,0.5744457911084561,0.6137045692812402,0.6318854225532834,0.5582987290597035,0.5965388162230301,0.7351662572183654,0.5586525276817358,0.5995426909979161,0.5438497744089442,0.5583315036702566,0.5757256327149717,0.6756818116732558,0.5433497731972251,0.5777277793444947,0.5488791119712069,36025958995
-2.618100643157959,172.06854248046875,42.888492584228516,-0.6197763681411743,0.1893886923789978,-0.7615833282470703,-0.084664486348629,-0.9809157848358154,-0.17503181099891663,10.238255500793457,7.985477447509766,-3.1206583976745605,0.6600635343479379,0.7174953722181898,0.9335522593239487,0.6879019974233145,0.7076361524727903,0.995328047946579,0.5456518721753624,0.7935329096344248,0.9908070513167025,0.8090405843873796,0.9560581807141962,0.997714885092795,0.5452315429514338,0.809526522624185,0.9972167094938003,0.8103857798260526,0.5552949426260048,0.9986813109547669,0.5637058943594636,0.802396949343411,0.9908061121190026,0.8306814152019234,0.5438032184371753,0.999118554866026,0.6095499749165074,0.729899673776619,0.9796300457098398,0.8113104144254744,0.554688110952082,36025967687
-375.27044677734375,211.92929077148438,-205.50674438476562,-0.7516623139381409,0.5063513517379761,-0.42262518405914307,0.10330387949943542,0.7232565879821777,0.682809054851532,174.0380401611328,-170.0675506591797,154.53733825683594,0.7150762466536849,0.6294784658664275,0.6723913523854071,0.6822999675674828,0.5729755674568212,0.6152311797327508,0.6152310314882007,0.5854366592455004,0.5403022300650487,0.5444993172395528,0.656310880290705,0.5709650251900438,0.6148425841707474,0.7698289857312565,0.5724984334756511,0.6141040757491532,0.6314399943891841,0.5576791095082555,0.5930656293877166,0.7293244403829083,0.5565860568492134,0.5991215688415025,0.543926688226177,0.5587193538542781,0.5727431212488258,0.6701907046992979,0.542368189479134,0.5774060813813692,0.5494715915580903,36025967687
-2.511439323425293,172.1499786376953,42.86338424682617,-0.6205735206604004,0.19042162597179413,-0.7606760859489441,-0.08364144712686539,-0.9806067943572998,-0.17724110186100006,12.306612014770508,9.396158218383789,-2.8968138694763184,0.6599154076883965,0.7178880232941546,0.934532850452153,0.6869830395384766,0.7087156454761326,0.9951098686158198,0.5459373613574562,0.7941116241791933,0.9906897640208855,0.8088095378934738,0.9563311578647443,0.9975735950802663,0.5455068147364407,0.8104710304818559,0.9970673843698005,0.8111632838105467,0.5553024116998478,0.998591203620199,0.5640866457893091,0.8032245069537008,0.9905600372365213,0.83135568874172,0.5438510953619945,0.9992029698528038,0.6099315810165348,0.7302957087758932,0.979276584649877,0.8112343785326953,0.5547428202876821,36025976354
-373.618408203125,210.4234161376953,-204.22286987304688,-0.7516797184944153,0.5063763856887817,-0.42256420850753784,0.11276310682296753,0.7299473285675049,0.6741374731063843,190.60971069335938,-173.74826049804688,148.1351318359375,0.7137020495228351,0.629811340669873,0.6739459924290546,0.6820778643180033,0.5734494106894997,0.6180550782332542,0.6180551981125149,0.5877171557247868,0.5403023201828915,0.5444994319240724,0.6473538785219742,0.5704534593510263,0.6119949415938419,0.7639100645684723,0.5702141938138787,0.6128465939581892,0.6312150481431839,0.5570175956493545,0.5892813790019754,0.7214419526809092,0.5544328617820179,0.5977413048399682,0.5442408913705804,0.5590473658837896,0.5698506119761401,0.6635968388433591,0.5416040121034453,0.576508848957024,0.5500446411621309,36025976354
-2.4181275367736816,172.19696044921875,42.83150863647461,-0.6212051510810852,0.19001272320747375,-0.760262668132782,-0.08456218242645264,-0.9807471632957458,-0.17602334916591644,10.76011848449707,5.417697429656982,-3.675917148590088,0.6594933472331407,0.7188461185891816,0.9360612808719717,0.6865357607480896,0.7096089234137956,0.9949338226559115,0.5461768456830425,0.7948522728608763,0.99058055431375,0.808959908241782,0.9564059086188369,0.9974709158974643,0.5457900104421941,0.8114988860002742,0.9969324651656934,0.8121913111354555,0.5552583349786522,0.9985345452692056,0.5645275548518582,0.8042847951903376,0.9903150614367611,0.8325538257714014,0.5438779215446234,0.9992657203659319,0.6106715884098342,0.7311833395745818,0.9788228243340522,0.8120312932649877,0.5547165959847324,36025985026
-371.8633117675781,208.93626403808594,-202.94796752929688,-0.7517101168632507,0.5066853761672974,-0.42213958501815796,0.12097209692001343,0.7351738214492798,0.6669971346855164,202.3881072998047,-171.48916625976562,147.01341247558594,0.7136441217468901,0.6307908637785797,0.6755411303767446,0.680886690977953,0.5741653296225299,0.6213947307202151,0.6213946345285006,0.5904765015626154,0.540302269955233,0.5444994214474951,0.6413490054229342,0.5696289084170836,0.609333955087407,0.7602784586505156,0.5686227025848812,0.6129759506109451,0.6326518488046396,0.556114671240921,0.5859390411582954,0.715523821126471,0.5528067577967987,0.597106282322624,0.5445858985387007,0.5594235498869311,0.5673706736454397,0.6574455990825134,0.541062050724712,0.5756269426420012,0.5506157676261693,36025985026
-2.311622381210327,172.21437072753906,42.77558898925781,-0.6216120719909668,0.18954762816429138,-0.760046124458313,-0.08575865626335144,-0.9809169173240662,-0.17449185252189636,11.191033363342285,1.8288847208023071,-5.875644683837891,0.6591279170320672,0.7198554292246883,0.9374947154647455,0.6858479210578776,0.7103897171490281,0.9947973850915817,0.5464059072865334,0.7950247425980238,0.9904458539850265,0.8088319493829794,0.9562323983446315,0.9973975537447058,0.546083081559415,0.8122894867775681,0.9967825973920429,0.8132451734174986,0.5551962782598845,0.9984992374271721,0.5650434564260051,0.8051871894966122,0.9900593686867607,0.8337819619628194,0.5438949562150371,0.9993155220503441,0.6116082307016262,0.7319505545598382,0.9782858378983023,0.8129485738124103,0.5546839538289491,36025994543
-369.7667541503906,207.4398193359375,-201.6088409423828,-0.751964271068573,0.5070503354072571,-0.42124783992767334,0.12762489914894104,0.7389154434204102,0.6616009473800659,220.29583740234375,-157.23971557617188,140.70870971679688,0.7142185399693297,0.6321843468417215,0.6774096173695557,0.6804685347665355,0.5746635511528679,0.6259630001408297,0.6259629195859634,0.5942688646469027,0.540302266504932,0.5444993026609766,0.6379173156321685,0.5683093253100465,0.6076063290161583,0.7595913797551079,0.5680533306012291,0.6136775927969526,0.6353938429414565,0.5546989588449065,0.5834350733381288,0.7138444511403841,0.55230208203341,0.5982325892001311,0.544877344175377,0.5595020727987825,0.5653479906817955,0.6537602146837962,0.5407521138494512,0.5759000439204391,0.5510746331297169,36025994543
-2.2065353393554688,172.2554931640625,42.727596282958984,-0.6219820380210876,0.18941180408000946,-0.759777307510376,-0.0875248983502388,-0.9810391068458557,-0.17292103171348572,13.462349891662598,5.269591808319092,-6.147938251495361,0.6586246761386403,0.720994548250042,0.9388742500877626,0.6854271751883133,0.7107657165463105,0.994644248754654,0.546646526596077,0.7951001883018443,0.990303122744969,0.8085553517261481,0.9560979955356184,0.9973060772979953,0.5464215772549039,0.8127629903080515,0.9966071690952998,0.8139722798898966,0.5551320939268595,0.9984567128890242,0.5656040743402042,0.8057141660193777,0.9897537094530479,0.8347020540756552,0.5439192352665203,0.9993644898781737,0.612635966718025,0.7323973817416977,0.977699718458071,0.8135216534198153,0.5546508737808417,36026002349
-368.0534973144531,206.1556396484375,-200.22549438476562,-0.7522493004798889,0.5081043839454651,-0.4194650650024414,0.1344703584909439,0.7416293025016785,0.6571938395500183,219.47776794433594,-164.51087951660156,177.2147216796875,0.7155966840739204,0.6339977724359032,0.67968213349188,0.6800110137189824,0.5754466675011511,0.629761538414975,0.6297615628471661,0.5974363897367775,0.5403024515887778,0.5444994581930767,0.6379322619796013,0.5664572072574381,0.605051820598261,0.7576268494753634,0.5676306952218264,0.6141958678298939,0.6382278019856851,0.5529921663473047,0.5805378537121147,0.7097924030978074,0.5520750153476633,0.598362569732562,0.5449863530956595,0.5590004249684608,0.5630909322212705,0.6486756896957342,0.5405534288365569,0.5757414772973388,0.5513985375813922,36026002349
-2.1118829250335693,172.33697509765625,42.69684982299805,-0.6230834126472473,0.18963229656219482,-0.7588192224502563,-0.08904865384101868,-0.9810550808906555,-0.17205017805099487,10.428860664367676,8.977715492248535,-3.387977123260498,0.6581107282451356,0.7222414306691954,0.9402689093555728,0.6851550340679374,0.7110005707660012,0.9944425169974396,0.5469167164511636,0.7946951356012805,0.9900792091759383,0.8078383556647614,0.956032443529523,0.9971713646379873,0.5467652161786621,0.8127274511432767,0.9963435246580671,0.8143778249007932,0.5550860775078903,0.9983921673018139,0.5661431601856816,0.8056975801474987,0.9893829814762077,0.8350903727197968,0.5439427696657784,0.9994168424373717,0.6134753153248454,0.7324600107585739,0.9771964232084417,0.8134319705740278,0.5546489082824183,36026011425
-365.978759765625,204.73931884765625,-198.59495544433594,-0.7523226141929626,0.5095032453536987,-0.4176327884197235,0.14270445704460144,0.7449172735214233,0.6517159938812256,228.5963134765625,-156.0511474609375,179.65525817871094,0.7176153330515557,0.6370676660088423,0.6835958300712922,0.681022462704426,0.576031731976422,0.6351555226273523,0.6351554200342182,0.6019401312420756,0.5403024878797354,0.5444994811351055,0.6398970717185086,0.5641315953245452,0.6033825428917025,0.75967110620648,0.5677609935645894,0.6160617374249391,0.642547860607156,0.5512475990439454,0.5783467052377004,0.7069220470307581,0.5523811533818794,0.5984233159568602,0.5448537719494682,0.5584169858825709,0.5615458337334934,0.642686081206438,0.5404525016404778,0.5743800881765909,0.5515338439716951,36026011425
-2.0214321613311768,172.39511108398438,42.649417877197266,-0.6242536306381226,0.1904265433549881,-0.7576576471328735,-0.09018341451883316,-0.9809188842773438,-0.1722356528043747,10.901644706726074,7.006589889526367,-5.716681480407715,0.6577173437992692,0.7234545553446724,0.9412867313977152,0.6850506165544094,0.7107487094565708,0.9942501823997258,0.5472356786656832,0.7943045878763239,0.9897698564850876,0.807446478839687,0.9559644427161701,0.9970403644092045,0.5470791320301216,0.8124880047227158,0.9960647860433451,0.8146608436366589,0.5550786719048197,0.9983237757056594,0.5666302254907882,0.8053828328119014,0.9890014069250546,0.8351950816338608,0.5439706533224303,0.9994650446990966,0.6141641311204958,0.7322527745007836,0.9767678107348278,0.8129453037571424,0.554657974333465,36026019722
-363.9100036621094,203.21392822265625,-197.0291748046875,-0.7520455121994019,0.5113587975502014,-0.41586023569107056,0.15096169710159302,0.7478036284446716,0.6465294361114502,249.33750915527344,-183.84815979003906,188.71507263183594,0.7203537575939795,0.6412951847988642,0.6878961910255743,0.6823610670310167,0.5757847897603641,0.64022269075484,0.6402225930678834,0.6061590732971607,0.5403023362997267,0.5444993578443382,0.6453177157300889,0.5619487765452821,0.6009961351234522,0.7625073818692999,0.5678028175725848,0.6197868483590333,0.6480796877265005,0.5496322038926037,0.575804595413029,0.7053801737016181,0.5526863877990972,0.6001965589541295,0.5446092807924812,0.5575596776742235,0.5602589593205235,0.6361858261115341,0.5404215072563806,0.5720002116727156,0.5515946734916539,36026019722
-1.9296875,172.4661865234375,42.60480880737305,-0.6252124309539795,0.19137176871299744,-0.7566282153129578,-0.09021978825330734,-0.9806936979293823,-0.1734941303730011,10.205178260803223,7.905292510986328,-4.961946964263916,0.6574564315591673,0.7245101239460386,0.9420299331359221,0.6850064862305916,0.710359934060475,0.9941347958891629,0.547526856582043,0.7937560936026757,0.9894270316633255,0.8073600011176528,0.9557916984748179,0.9969461029652544,0.5473255962338821,0.8123598392744409,0.9958146296413743,0.8151299262307997,0.5550889915640026,0.998273830006075,0.5669682564878071,0.8050292633229658,0.9887241570540979,0.835142004013793,0.544000984371971,0.9994957809377585,0.6145016575197743,0.7319559163982976,0.9765876027996554,0.8122269498794331,0.5546888506591146,36026028712
-361.6532287597656,201.45655822753906,-195.43603515625,-0.7515060901641846,0.5130118131637573,-0.41479814052581787,0.1591215878725052,0.7511294484138489,0.6406909823417664,251.03256225585938,-195.48062133789062,177.21311950683594,0.7225877445150332,0.6437271729013241,0.6900745568789963,0.6829560593273067,0.5757699786374104,0.6453326651255819,0.6453326482347829,0.6104288523849107,0.5403023275828103,0.5444994283258536,0.6527346793354059,0.5598729193431723,0.5995309928864244,0.7670110923026396,0.5676926492714744,0.6234267106221693,0.6516933775614852,0.5479759432654836,0.5740384285488428,0.7067032669225913,0.5531824995972792,0.6025737972696276,0.5446380330568537,0.5567701654454434,0.5590595741393711,0.6335561250159395,0.5403951810676281,0.5720830834487847,0.5512634304206019,36026028712
-1.841592788696289,172.54959106445312,42.56746292114258,-0.6266438961029053,0.19270427525043488,-0.7551043033599854,-0.08919056504964828,-0.9803124070167542,-0.17616066336631775,10.571786880493164,10.009574890136719,-4.481819152832031,0.6573231259626174,0.7254156616076618,0.9424719733211661,0.6850820309017763,0.709759329702282,0.9939859839207055,0.5478626354021766,0.7930886949991214,0.989035927364409,0.8071255409190071,0.9557440066664548,0.9968280424827378,0.5475504164264254,0.811884949746122,0.9955217889549,0.8152993112037462,0.5551373702893301,0.9982115900531545,0.5672006837906746,0.8042060094479235,0.9884347501291828,0.8345942018957077,0.5440444654353341,0.9995225467508922,0.6144930462365094,0.7311615312954303,0.9765218414251592,0.810926249835818,0.5547635723190868,36026037045
-359.63751220703125,199.6780548095703,-193.8857421875,-0.7501817345619202,0.5146121978759766,-0.41521286964416504,0.1671612560749054,0.7551377415657043,0.633895993232727,241.89683532714844,-213.4291229248047,186.04222106933594,0.7224211117482184,0.6444001306389202,0.692623126581448,0.6856671874215851,0.5763339612673465,0.6488333072698729,0.6488331778697384,0.6133776278986385,0.5403022750166753,0.5444994148938247,0.6580332939530167,0.5583294606241681,0.5977544062228314,0.7706493887066629,0.5668107847901049,0.6272886474862953,0.6537784363388198,0.5469948026563166,0.5724090390164253,0.7051041974780776,0.5527808955848256,0.6029037712104972,0.5447005009368349,0.5565018444808276,0.5586379798183196,0.6292244920787936,0.5403875415010756,0.5704206822448912,0.5510304969026528,36026037045
-1.7582288980484009,172.64556884765625,42.534332275390625,-0.6279409527778625,0.1937386691570282,-0.7537608742713928,-0.08751454204320908,-0.9799544215202332,-0.17897069454193115,9.636343002319336,11.094266891479492,-3.8297271728515625,0.6572714306542048,0.7262574590915785,0.9427137492650406,0.6852465450201702,0.708967053927854,0.9938735597862816,0.5482665456784493,0.7926376653565304,0.98862969465809,0.8072635014987566,0.9556681182149716,0.9967276008515122,0.5477746090620333,0.8117215584141411,0.9952444348521845,0.8157796443934076,0.5552155265052835,0.9981534654621593,0.5673908333200434,0.803512584198395,0.9881902294434315,0.8340879366996947,0.5440978114232569,0.9995463435150533,0.614400604087354,0.7303591488955047,0.9765292758601922,0.8095234419460712,0.5548359333938917,36026045696
-357.49365234375,197.82818603515625,-192.46621704101562,-0.7481697201728821,0.5146097540855408,-0.41883036494255066,0.17348207533359528,0.7609979510307312,0.6251288652420044,247.81768798828125,-213.8331756591797,164.08779907226562,0.7215280255262332,0.6435754457723178,0.6937461518976558,0.6896676297085472,0.5765758957740174,0.6502618090235459,0.6502616836619111,0.6146280713233037,0.540302291573627,0.5444994077720556,0.65849191359649,0.557398931740162,0.5960948823193848,0.7696486007751054,0.5653772983995045,0.6277631888630932,0.6504073086327947,0.5462216600355343,0.5716182235138868,0.705713458376423,0.552487802481674,0.603538927213082,0.5451340333686086,0.5569554368725639,0.5589682521914164,0.6295467242745894,0.540379616588277,0.5711436024551609,0.550850354230717,36026045696
-1.6784557104110718,172.75144958496094,42.52062225341797,-0.6295311450958252,0.1947581022977829,-0.7521700859069824,-0.0853026956319809,-0.9795472025871277,-0.18223810195922852,9.169320106506348,12.170295715332031,-1.5758724212646484,0.6572532847773535,0.7270810581699557,0.9426739000423926,0.6856295079886515,0.7077221906537315,0.9937453519129198,0.5487564331518004,0.7922769574987678,0.9881930291471639,0.8074556514094167,0.9556728824160243,0.9966088289904681,0.5480254646258493,0.8113715922759415,0.9949471982425167,0.8160164043529298,0.5553364765199534,0.9980929069859914,0.5675259405229163,0.8023827524143411,0.987994418251253,0.8329878676873164,0.5441655174641764,0.9995605614669174,0.6139419462417849,0.7291602880439608,0.9767861430327691,0.8074161691479141,0.5549431471240724,36026054396
-355.3202819824219,195.89312744140625,-190.8721466064453,-0.7450952529907227,0.5139351487159729,-0.4250926375389099,0.17822816967964172,0.7676082849502563,0.6156396865844727,249.810546875,-222.4211883544922,183.2261199951172,0.7201147233707784,0.6418661211022184,0.6928809727432718,0.69453862869839,0.5754990892933625,0.650349337875494,0.6503494434266118,0.6147382025323965,0.5403022358731298,0.5444994511718737,0.6573406844202488,0.5565380102607256,0.5940278984984991,0.7656120178475042,0.5640687469151752,0.6266553847711351,0.6463877647781038,0.5456207232614496,0.5706150438753057,0.7031126485140208,0.5522096309215991,0.6025729339426755,0.5453884616683574,0.5569297867627431,0.5587906188770251,0.6280396681033364,0.5403711340799027,0.5712937520535354,0.5505069563987534,36026054396
-1.5838162899017334,172.87753295898438,42.50262451171875,-0.6316546201705933,0.19599051773548126,-0.7500667572021484,-0.08136754482984543,-0.9789326190948486,-0.18727043271064758,10.898136138916016,14.518742561340332,-2.0725293159484863,0.6573870182689282,0.7275803626727366,0.9421281703595615,0.6859861139688821,0.7062033825806459,0.9934957270205207,0.549335606539963,0.792295516760392,0.987776295682003,0.8073788834200774,0.956067214784014,0.9964044450415327,0.5482902317951627,0.811026208919179,0.9946655338004551,0.8156762413244222,0.5554768754797845,0.9979746619692862,0.5675477513454993,0.8010127144825073,0.9878375894019225,0.8311178840351875,0.5442522354715672,0.9995868992925242,0.612970770116047,0.727576891053118,0.9772444013751298,0.8044021534229617,0.5551248021822547,36026063080
-353.1029052734375,193.9868927001953,-189.06675720214844,-0.7410326600074768,0.5108761787414551,-0.43574777245521545,0.18251347541809082,0.777762770652771,0.6014764308929443,255.34019470214844,-219.5103302001953,207.89852905273438,0.7160801732326543,0.6399814927845023,0.6900133964105528,0.70084591122951,0.5714404837458849,0.6478296676775676,0.6478297297099855,0.6125795707472833,0.5403023720537279,0.5444994194619571,0.6557740358709401,0.5563196892741625,0.5944810077030759,0.7662985407023842,0.5634417458508714,0.625934245382583,0.641460763242259,0.5458612811422094,0.5715678012763984,0.7002841058528918,0.5519948796758823,0.5989156077497243,0.5455580566558338,0.5581490598476533,0.5602259728059661,0.6269663298991912,0.5403830312678787,0.5697839584402487,0.5505069692505205,36026063080
-1.5167977809906006,172.9980926513672,42.505218505859375,-0.6337079405784607,0.1964285969734192,-0.7482179403305054,-0.07980839163064957,-0.978664219379425,-0.18933311104774475,7.753185749053955,13.947992324829102,0.30007797479629517,0.6572495226961498,0.7287928057192737,0.9421896025038927,0.6867764371863596,0.7044646765478152,0.9933865528974033,0.5498237259869094,0.7921678518952586,0.9872939046979354,0.8079942866678154,0.9560301807259213,0.9963111522757252,0.5485428849505275,0.8106068899450706,0.994331034899515,0.8161004341177701,0.5555701141857688,0.9979317738236253,0.5677347992827043,0.7998229104450196,0.9875490315628473,0.8303670537687111,0.5443151136579132,0.9995993237612664,0.6127276259293559,0.7265784427321836,0.9773684644471186,0.8027584829591705,0.5551753446019968,36026071724
-350.8649597167969,192.0399169921875,-187.29852294921875,-0.7373278737068176,0.5081000924110413,-0.44517624378204346,0.18194922804832458,0.7840149998664856,0.5934770107269287,258.90216064453125,-225.2403564453125,204.5633544921875,0.7139823267301633,0.6387222020530644,0.6874135736527327,0.7039232775806621,0.568955677173126,0.6480306176407522,0.648030774397331,0.6127757983463309,0.5403023902454552,0.5444996204530291,0.6543607953591843,0.5561955256434135,0.5929941797736553,0.759898230915813,0.5620052495919549,0.6227641647306807,0.6384716599221886,0.545631958643905,0.5714228884741892,0.6982061123552729,0.5519480305104282,0.5973971343918915,0.5458870137671324,0.5577325648936606,0.5595777031846557,0.6292195303058067,0.5403701058667011,0.5728094961776603,0.5499935816231221,36026071724
-1.5027897357940674,173.15548706054688,42.5491828918457,-0.6371283531188965,0.1974123865365982,-0.7450475096702576,-0.07463090121746063,-0.977901816368103,-0.19529017806053162,0.8922915458679199,10.02532958984375,2.8005640506744385,0.6572899335423571,0.7299715570454581,0.9419944001654472,0.6874216650431166,0.7025246172377322,0.9932524327358954,0.550495814238458,0.7911966454208815,0.9863342102910478,0.8089448105761778,0.9559140929981125,0.996196430638536,0.5487859846423504,0.8093441258543623,0.993727236516371,0.8166611917246855,0.5556917613342618,0.9978824235683278,0.567839562954585,0.7973739500523257,0.9870725718424854,0.8288908968324037,0.544407349583394,0.9996084530180128,0.6118717032415345,0.724095153149895,0.9776517066752608,0.7994419538709667,0.5553304747340512,36026087423
-346.7176513671875,189.22203063964844,-184.62075805664062,-0.7329701781272888,0.5050978064537048,-0.45566537976264954,0.1789131909608841,0.7893943786621094,0.5872364044189453,264.1768798828125,-179.4949951171875,170.5691375732422,0.7111766284727409,0.6360172148272615,0.680729007776769,0.70569129815869,0.5648669046519682,0.6460533003091976,0.6460534041940776,0.6110793221757448,0.5403023569186979,0.5444993121181612,0.6534099134468252,0.555349798030601,0.5908930625132882,0.7564727069498756,0.5612929122950608,0.6224591201320718,0.6344126649187625,0.5452996331349089,0.5712676150110675,0.699496063945498,0.5520999221304699,0.598228618484931,0.5460623263120363,0.5576200722679713,0.5591892504919139,0.6325323052828067,0.5403513612061825,0.5765675307113841,0.5496032406702904,36026087423
-1.5090560913085938,173.2483367919922,42.56705856323242,-0.6396083235740662,0.1986103504896164,-0.7426002025604248,-0.0688263550400734,-0.9769620299339294,-0.20201024413108826,-2.7304627895355225,40.45711898803711,7.788233280181885,0.6576697065964292,0.7295442424617232,0.9412224913409867,0.687726840879294,0.7020711322836178,0.9932385078375418,0.5505877860479902,0.7906232282232037,0.9858062338487922,0.8098012821337337,0.9560977127676531,0.9961696775802352,0.5486014934078028,0.8084134320152144,0.9934640317564306,0.8167590901237006,0.5557635810685195,0.9978666374786175,0.5674997481530255,0.7958866879319209,0.9869374285884106,0.8278408420380475,0.5444312676830724,0.9996026435015699,0.6106205808383733,0.7225343965533432,0.9781340605824881,0.7973163705790675,0.5554334951025912,36026089718
-346.15399169921875,188.0258331298828,-183.67959594726562,-0.7297468185424805,0.5038037300109863,-0.4622243344783783,0.17255622148513794,0.7898708581924438,0.588496744632721,245.60464477539062,-521.2132568359375,410.0905456542969,0.7102888689062202,0.6352824194788277,0.6758484161601312,0.7067605974740533,0.5613185596453729,0.6442894689614108,0.6442896362586862,0.6095781465360193,0.5403023655394787,0.5444993445255409,0.6522890345076843,0.5560439695027882,0.5909251623300481,0.7572080004211384,0.5606565912095747,0.6235203342547141,0.6315648485432729,0.5458150199755704,0.5719455061932008,0.7026793360984099,0.5516999985117708,0.5994762249879418,0.546250114779452,0.557902032394313,0.5601426600280976,0.6357539874845752,0.5404096673516842,0.5777833780070134,0.5495633573401543,36026089718
-1.4136425256729126,173.4258575439453,42.596736907958984,-0.6424074769020081,0.1996152251958847,-0.7399097084999084,-0.06223279610276222,-0.9758810997009277,-0.20924432575702667,11.829109191894531,22.00926399230957,3.6795108318328857,0.6578257031326197,0.7293344230563441,0.9407882158969351,0.6880032545552524,0.7017222001061059,0.9931407990359881,0.5509308735801038,0.7897513005821061,0.9850823312786133,0.810396784410547,0.9564785468346867,0.9960725989338899,0.548581040739552,0.8071002908820327,0.9929761474026191,0.81689304154455,0.5558786113405305,0.9978073501436557,0.5673059826881409,0.7935812518234316,0.986569608690298,0.8262461442206837,0.5444878344946886,0.999615937657551,0.6093784310801061,0.7203499998313664,0.9785003536104518,0.7943235214353085,0.5555585001600822,36026097784
-343.7395324707031,186.542724609375,-181.9828643798828,-0.7268837690353394,0.5035035610198975,-0.4670376479625702,0.1670975536108017,0.7892880439758301,0.5908492207527161,299.33758544921875,-183.87191772460938,210.35533142089844,0.7096151945672284,0.6342147549285853,0.666841598329124,0.7096625247646832,0.5551186899687136,0.6416431232522827,0.6416429146365533,0.6073291385418372,0.5403023374163365,0.5444993199865289,0.6517630480466874,0.5557675135365747,0.5898405064903903,0.7597431301206248,0.5602886822215316,0.62694882546949,0.6281270674561279,0.545786728190051,0.572082915328777,0.7082895469079272,0.5517165557230341,0.6030628685421271,0.5464182228592068,0.557798311336643,0.56064171113121,0.6398041457228746,0.5404831824964798,0.5806352773730795,0.5493987316535014,36026097784
-1.362805962562561,173.52313232421875,42.64216613769531,-0.6451072692871094,0.2004072666168213,-0.7373422384262085,-0.05677434429526329,-0.9748958945274353,-0.21530123054981232,5.894778251647949,11.2782621383667,5.267803192138672,0.6579461271986152,0.7291951533134647,0.9407800952079035,0.688340387220313,0.7019384021896906,0.9930744499731563,0.5513775366468004,0.7893165271701763,0.9842440601364226,0.8117852207102297,0.9567890748096348,0.9959877724483638,0.5486510390990981,0.8062316200794495,0.9924399217625639,0.817625740936404,0.5559733639693705,0.9977535973860634,0.5672344016506851,0.7917287340593593,0.9861681133284338,0.8251883983978695,0.5445482165261776,0.9996277024017852,0.6083736410351321,0.7186219366473908,0.9787816898308399,0.7919604613863919,0.5556683913450011,36026106408
-341.4299621582031,184.81005859375,-180.14598083496094,-0.7237188220024109,0.5016661882400513,-0.473879873752594,0.1599157601594925,0.7899116277694702,0.5920021533966064,267.8087463378906,-200.9126739501953,212.9977264404297,0.7072106779205855,0.6352982091375141,0.6451280147910574,0.720674942787504,0.5420502781776763,0.6403788298031324,0.6403787373876891,0.606247255001261,0.5403022733323267,0.5444994479008378,0.6497746378924985,0.5561970416080173,0.5910645576397835,0.7665689106553535,0.5601754095102556,0.6305624938554191,0.6248672251162533,0.5463426969024048,0.5736506481563663,0.716269424873878,0.5517494142399058,0.6063891011647441,0.5467731991916885,0.558665189230928,0.5625228258077758,0.645890266348945,0.5406395868588599,0.5835646200134725,0.5494694628429837,36026106408
-1.302405834197998,173.56900024414062,42.6544075012207,-0.6477129459381104,0.20108121633529663,-0.7348702549934387,-0.051122792065143585,-0.9738397598266602,-0.22141049802303314,6.951329231262207,5.279148101806641,1.40873384475708,0.6581183489222235,0.7289098968249503,0.9409040599585835,0.6885994252512395,0.7026103303025402,0.9930181205193813,0.5517885601999536,0.7889560454266489,0.9834203249568683,0.8132193661801002,0.9571100271579334,0.9959131144472051,0.5486886335680676,0.8053654352806365,0.9919505626916876,0.8181936186175924,0.5560647947503874,0.9977037790827024,0.5670924431491302,0.7899121906043135,0.9858115612018423,0.8240918689389828,0.5446138911456672,0.999635593932772,0.6072992295974178,0.716856966293622,0.9790513339177606,0.7897397021537953,0.5557962008785378,36026115097
-339.0713806152344,183.07882690429688,-178.31228637695312,-0.7210531234741211,0.5005700588226318,-0.47907406091690063,0.15533897280693054,0.790611743927002,0.5922861695289612,271.44195556640625,-199.2448272705078,211.0360565185547,0.7040281478831932,0.6434038526779469,0.6207038867972161,0.7478436349670647,0.5662235216900791,0.6398700087185735,0.6398701326401836,0.605824425641175,0.5403024020227277,0.5444995376249977,0.6436229975855389,0.5564012479437973,0.5925740958403574,0.7768685693800647,0.5604802301098261,0.6364396326259146,0.6223762456340811,0.546867900774861,0.5749559795309322,0.7234316541541271,0.5517595654974836,0.6096280035877087,0.5468653951838988,0.5591770754910584,0.5639070632499446,0.6516484436236282,0.5408255250369782,0.586802820584983,0.5496272527055714,36026115097
-1.193631649017334,173.4261016845703,42.625370025634766,-0.6481717228889465,0.19413597881793976,-0.7363318800926208,-0.04257630184292793,-0.9746831655502319,-0.21949927508831024,12.488430976867676,-16.40616226196289,-3.3336753845214844,0.6578231075014307,0.7261098757007607,0.9381809824524406,0.6878117221663742,0.701808193625216,0.9940676252477891,0.549871928888484,0.7829809101892187,0.9853043637912859,0.8075806305784036,0.9550761381105644,0.9966173261527701,0.547165172817422,0.8014139303675333,0.9930889779437901,0.8144600358951889,0.5557674167043193,0.9982896160779106,0.5643478124946969,0.7843379398229482,0.9873380842042012,0.8199418898384471,0.544578925791362,0.9992233117609731,0.6034820967283497,0.7109876650482904,0.9812201282148141,0.7871417956182782,0.5558754624861126,36026123807
-336.7420654296875,181.300537109375,-176.49002075195312,-0.7186738848686218,0.49832412600517273,-0.4849545955657959,0.14867983758449554,0.7914249897003174,0.5929087996482849,267.430908203125,-204.16622924804688,209.21585083007812,0.70366512151126,0.6479268133666085,0.6362544874250877,0.7661374534969149,0.6451217668973016,0.6380394556094127,0.6380395039455158,0.6043670595591059,0.5403023518645248,0.5444994491388457,0.6361370320860421,0.557012695437542,0.5942000989390271,0.785123971098393,0.5602869938446354,0.6407846402362567,0.6156858053350417,0.5476029245394262,0.5768701668668641,0.7333770672184041,0.5518694720556462,0.6141006449439618,0.5471264534315667,0.559523734395942,0.565753959180687,0.6603700892822267,0.5412534685353055,0.5915909878803746,0.5496006132954645,36026123807
-1.1224113702774048,173.3862762451172,42.62858200073242,-0.6485540270805359,0.19494931399822235,-0.7357801795005798,-0.04239027202129364,-0.9743958711624146,-0.2208070307970047,8.256464004516602,-4.616055488586426,0.37251734733581543,0.6572733290149215,0.7253946492123967,0.9389378329773163,0.6879271702153534,0.7035247052025821,0.9939751668667131,0.5501249638088112,0.7836840715147957,0.9850444457709705,0.8084753303213688,0.955917382749943,0.9965334551638056,0.5472228420800753,0.8013097683376667,0.9930022844532582,0.8141920754214075,0.5558628846516728,0.9982457964126724,0.5641121917073203,0.783247432904758,0.9872916930032394,0.8187195363033194,0.5446890090084678,0.9992200243914299,0.6026494954561527,0.7096480433164504,0.9814935896321875,0.7854035840903889,0.5560599058975764,36026132433
-334.42974853515625,179.59255981445312,-174.52191162109375,-0.7151497006416321,0.4944794476032257,-0.4940151274204254,0.14431123435497284,0.7960011959075928,0.5878404378890991,268.0625915527344,-198.00259399414062,228.1594696044922,0.7008356181340525,0.6509170641560861,0.609501765921901,0.7733168714020258,0.6755074052925895,0.6344333473462127,0.6344333805260371,0.601566676446794,0.5403021983856833,0.5444994560479157,0.6215794212857124,0.558572760869617,0.5984108636219785,0.7998440654425368,0.5603901122363998,0.6471137730186631,0.6049861909173335,0.5493796661094611,0.5813311918325896,0.7489445099114665,0.5522221701709359,0.6194190565987402,0.547647949572237,0.5616775250193803,0.570409132224224,0.6730354736536394,0.5421082039824702,0.595907440311227,0.5501917106478382,36026132433
-1.061579704284668,173.40782165527344,42.63062286376953,-0.6491559147834778,0.1959437131881714,-0.734984815120697,-0.042753323912620544,-0.9741234183311462,-0.22193628549575806,6.991339683532715,2.476595640182495,0.23437461256980896,0.6569509102258512,0.7249819323802514,0.9395435193705529,0.6882412134037794,0.704748798190775,0.9937613650449763,0.5505780805052094,0.7851188354189629,0.984598605805585,0.8099763641232409,0.9568754297798316,0.9963618142575144,0.5473795307841087,0.8015940947608187,0.9928520880965267,0.8140275116683306,0.5559804954430166,0.9981153075779656,0.564161701002895,0.7826539637753629,0.9871145241234203,0.8175311089968793,0.5447606685266979,0.9992841887900159,0.6021044619563425,0.7090496316451159,0.9816114863698768,0.7836932586135155,0.5561985622828532,36026141134
-332.0943298339844,177.97576904296875,-172.7187957763672,-0.7110713124275208,0.4899008870124817,-0.5043557286262512,0.1465255320072174,0.8048092722892761,0.5751628279685974,268.40826416015625,-185.8160858154297,207.23089599609375,0.6933121363861444,0.6440523777939164,0.5971794645698715,0.7638210151206761,0.6575498600844036,0.6264148320301145,0.6264147540589748,0.609249393927235,0.5403024234523195,0.5420864999631766,0.6086373127208634,0.5605628746233275,0.6047978372946506,0.8192761571885191,0.5609646144985,0.6545286498875454,0.5921636840200626,0.5521697655238811,0.5893670619876583,0.7695059892578224,0.5535869978152359,0.6243685695466811,0.5482095446103776,0.5653520536864373,0.5781985511494434,0.6900510832744605,0.5437809355753913,0.5992368405891825,0.5511980946038326,36026141134
-1.0050395727157593,173.45643615722656,42.64331817626953,-0.6498169898986816,0.1969732940196991,-0.7341249585151672,-0.04268176853656769,-0.9737706780433655,-0.2234925776720047,6.547789096832275,5.629212379455566,1.470239520072937,0.6567915716946563,0.7244979347502309,0.9396322410989738,0.6884980110298088,0.7053701770183819,0.9935276562871228,0.5510700242083797,0.7864538808468146,0.9840370077437917,0.8115892333838132,0.9577817884724588,0.9961728329912627,0.547524355105588,0.801863708699653,0.9926529044952608,0.8139670641718122,0.5561066579098681,0.9979659438731677,0.5642331841901331,0.7822037837067717,0.9868897528053056,0.8165068709502002,0.544822366910588,0.9993578325494661,0.6015985309570145,0.7085763351579678,0.981657413816842,0.7821183824000236,0.556321311180481,36026149769
-329.7583312988281,176.48309326171875,-171.00497436523438,-0.7064788341522217,0.486113578081131,-0.5143746137619019,0.15386377274990082,0.8149024844169617,0.5588021874427795,270.5260314941406,-172.8649444580078,198.4742889404297,0.6858027878256862,0.6388960425055089,0.5933994946811209,0.7515447150307962,0.6470766137625554,0.6093058999421153,0.6093060176870188,0.7812501574050001,0.5403022056282982,0.6144895460539197,0.5978354807555007,0.5623772963287557,0.6098215775429211,0.8348646875941003,0.5612819047395385,0.661322897113452,0.5738942761588798,0.5550236898580772,0.5974683955374797,0.786688285970647,0.555084451397475,0.6275796214691823,0.5486450850120493,0.5688000234677923,0.5865616051994391,0.7063919777363342,0.5461039252175091,0.6011336084593861,0.5520918210692329,36026149769
-0.9445817470550537,173.48228454589844,42.63671112060547,-0.650314450263977,0.19800522923469543,-0.7334064841270447,-0.041103389114141464,-0.9731910228729248,-0.22629576921463013,6.982885360717773,2.9854331016540527,-0.7629090547561646,0.6567406617085932,0.7237424579393509,0.9396005619908742,0.688398364451325,0.7062922614194428,0.9933021270846696,0.5514420637939491,0.7876959521351848,0.983501434685358,0.8131324931968633,0.9586295354551454,0.9959824408536905,0.5476488281591125,0.8022464862195322,0.9924356262035526,0.8141095280437461,0.5561808489124801,0.9978101575812455,0.5643136810255922,0.7819135543124971,0.9866423065667428,0.8157011861115698,0.5448685011549382,0.999427489358122,0.6010609329898673,0.7082433171663464,0.9817137090859952,0.7807121752235487,0.5564488700962236,36026158427
-327.3687438964844,175.22122192382812,-169.37254333496094,-0.7006093859672546,0.48586514592170715,-0.5225720405578613,0.17097130417823792,0.8253332376480103,0.538139283657074,275.99798583984375,-145.7458038330078,188.54568481445312,0.677795853809665,0.6345759398996459,0.5910372506067366,0.7404717132032338,0.6387073680465547,0.5860628330333231,0.599081155301104,0.9916065154689329,0.5436394960308183,0.9241888541436112,0.5730515335244047,0.5642234205713811,0.6141865965930656,0.8495446427053569,0.5618989862062197,0.6689685083359322,0.5466879391014949,0.5572796372523416,0.6056614043027078,0.8012596864635969,0.5572613425681002,0.6293216799782961,0.5491815574559472,0.5710631168904134,0.5949685774642928,0.7204837727694995,0.549169153672734,0.600590271209308,0.5528503552181108,36026158427
-0.8040439486503601,173.34925842285156,42.611228942871094,-0.6485640406608582,0.19042468070983887,-0.7369553446769714,-0.03555605188012123,-0.974722683429718,-0.2205708771944046,16.017528533935547,-15.16151237487793,-2.9043731689453125,0.6563353405898212,0.7201915814879082,0.9361796378778571,0.6869724073610016,0.7054296618826608,0.9942373788940446,0.5496563058802424,0.7827014858193357,0.9855620614407619,0.8074531803259208,0.9569052926178081,0.9966387462797014,0.5464015675753917,0.7989561555226465,0.9936713588450947,0.8101031505757954,0.5558709678421947,0.9983462850883661,0.5621214121197922,0.777352887035426,0.9881243042785605,0.8119766096647871,0.5448177597307972,0.9989605533433108,0.5986792315831704,0.7036879970415111,0.9835475982338913,0.7786755893136907,0.5565189003005842,36026167201
-325.0999450683594,173.9276580810547,-167.84349060058594,-0.6955569386482239,0.4846109449863434,-0.5304269790649414,0.18412619829177856,0.8338493704795837,0.520377516746521,258.5822448730469,-147.43167114257812,174.26971435546875,0.6713870737437752,0.631823797925977,0.5906095581909925,0.7314567855204842,0.6335950737331784,0.5907010359081474,0.6758479037234127,0.9805615058763122,0.6300802393680809,0.795700917092135,0.5687502918692381,0.5661206179749125,0.6172172631065064,0.8613829815526636,0.5617426451873203,0.676394430564916,0.5465448469437506,0.5595066805512369,0.6137588161541165,0.814543836506732,0.5594622131172872,0.6307470330153309,0.5497338115961482,0.5731352375668437,0.6053691892688939,0.7366594397438593,0.5533975005183036,0.5992542597003258,0.5533285968031325,36026167201
-0.708427369594574,173.31893920898438,42.581729888916016,-0.6469212770462036,0.19051285088062286,-0.7383750677108765,-0.03646652400493622,-0.9749098420143127,-0.2195928394794464,11.106584548950195,-3.521249532699585,-3.426652193069458,0.65589465340274,0.7189841687124255,0.9359706382075776,0.6866366447747295,0.7064064971418833,0.9940940622393477,0.5498575428983731,0.7837721379467681,0.985481140645194,0.807996469691552,0.9578903821276574,0.9965198708608861,0.5464855588634447,0.7994020380970739,0.9937301607518381,0.8095781923005444,0.5559496130276809,0.998252190394913,0.5620643463739005,0.7772411263467816,0.9881549146467155,0.8109634182843446,0.5448771667470058,0.999006247214861,0.5982115466671134,0.703336514451447,0.9837348490140396,0.7773601593423201,0.5566637664726569,36026175810
-323.0544738769531,172.6328887939453,-166.4700164794922,-0.691951334476471,0.4816034436225891,-0.5378303527832031,0.1906661093235016,0.8404324650764465,0.5072668790817261,237.5984344482422,-150.3966064453125,159.5408172607422,0.6675137870686364,0.629341714028715,0.5907950618218609,0.724882391274312,0.6308003285457673,0.6037534121752502,0.7153998927005849,0.9723874916514158,0.6946638533207155,0.7342928896035493,0.5731818153463768,0.5679410798696662,0.6200061915368396,0.8713136055656195,0.5614341278064421,0.6827640362261155,0.5561310035462705,0.5616434379016727,0.622532297860542,0.8286305861068592,0.5621635736731246,0.6325878071020054,0.5501358120678633,0.5748808983721185,0.6212315713921389,0.7609092497793474,0.5604234902133542,0.5976003051382469,0.5531712057258146,36026175810
-0.5889267921447754,173.36679077148438,42.56052780151367,-0.6452271938323975,0.1915713995695114,-0.7395824790000916,-0.03720531985163689,-0.9747820496559143,-0.2200355976819992,13.727810859680176,5.496483325958252,-2.4356727600097656,0.6558258748236994,0.7177945127036561,0.9353244080650834,0.686370666886074,0.7069549286193684,0.9938540996113004,0.5501926863487565,0.7846734854635722,0.9851427331506402,0.8086104565318326,0.9589485770190719,0.9963262799428407,0.5466067973419332,0.7996190715791631,0.9936651999247862,0.8089215118542123,0.5560510253451485,0.9980788439934509,0.5622138272188371,0.7772237450807322,0.9880048964644484,0.8098816091531775,0.544888612094171,0.9991157506954484,0.5978617858354932,0.7034207879678213,0.9837662239904511,0.7760386347228218,0.5567631994348337,36026184515
-321.1545715332031,171.35182189941406,-165.11697387695312,-0.6890597939491272,0.4779385030269623,-0.5447672605514526,0.19326992332935333,0.845676064491272,0.49747228622436523,218.252197265625,-147.164794921875,155.4323272705078,0.6640069365897135,0.6272933203362342,0.5905270419479758,0.7189832759238795,0.6280811053484437,0.6164208915822036,0.7342656228916362,0.9704852171903469,0.7255455270888754,0.714201655126452,0.5765214574917892,0.5699544030781027,0.6238445448254902,0.8809916664763314,0.5613931446774074,0.6876724457801998,0.5650355872834414,0.5645326149061751,0.6360266633331924,0.8476866863507454,0.5668024473448473,0.6343342671856466,0.5503148601873176,0.5785740735882752,0.6381056144189319,0.75540574349719,0.5676361685502279,0.5794992006021698,0.5538399844786759,36026184515
-0.5067507028579712,173.3551025390625,42.53369903564453,-0.6439597606658936,0.19297371804714203,-0.7403222322463989,-0.03823954612016678,-0.9745754599571228,-0.2207724153995514,9.513319969177246,-1.352997064590454,-3.1057276725769043,0.6558764370581093,0.7169471643025916,0.9349413610023077,0.6862770013906232,0.7075310707243244,0.9935921592264033,0.5505370012802473,0.7857045822649329,0.9847328255033103,0.8094664296874888,0.9598774726733077,0.9961159883139121,0.5467806785774729,0.8001085790421161,0.9935246286526495,0.8087645575069783,0.5561236463772284,0.9978931343783741,0.5624800283291163,0.7776216326890638,0.9877691863657759,0.8094037908388826,0.5448921134112599,0.9992269350961032,0.5976985126606016,0.703957611177892,0.9836871415091427,0.7753545730047618,0.5568269169856364,36026193153
-319.5305480957031,170.27740478515625,-163.93455505371094,-0.686455488204956,0.4754505157470703,-0.5502051115036011,0.19370250403881073,0.8488567471504211,0.4918552041053772,188.01097106933594,-124.38260650634766,136.88507080078125,0.6624497930100833,0.6251893624150577,0.5907961537993358,0.7154598671756484,0.6281113396564848,0.626473045321947,0.7428330859194349,0.9738141072437377,0.7340148461841498,0.7168881882378143,0.5778087958649739,0.571840038204446,0.6273687242327035,0.8867879350342013,0.5612591333301602,0.6890748355120884,0.571213115068724,0.5675654123941067,0.6530026582513591,0.8630868952960218,0.5734674872540608,0.630883728858367,0.550335644785568,0.5807419768337697,0.6456005397858705,0.7481894987630693,0.5704355513293868,0.5703315613332957,0.5542864276425828,36026193153
-0.3920334577560425,173.3736572265625,42.510643005371094,-0.6424145102500916,0.19431909918785095,-0.7413121461868286,-0.03920096158981323,-0.9743850827217102,-0.22144296765327454,13.21779727935791,2.137608766555786,-2.65665602684021,0.655913083314819,0.716174149737294,0.9345232809058085,0.6861409766000072,0.7079498684634709,0.9933773347033823,0.5508466975321323,0.7863553929093516,0.9843515082041209,0.8100893760215946,0.960659931259279,0.9959364192375932,0.5469468912813035,0.8003646447264395,0.9933822011672541,0.8085694749100851,0.5561914315191936,0.9977238881930865,0.562776289403941,0.7779347098462628,0.9875323568896286,0.8090055544615327,0.544886272726366,0.9993226056048252,0.5976543527453078,0.704448260637155,0.9835854516904459,0.7747315340368002,0.5568684033483976,36026201832
-317.6310119628906,169.0453643798828,-162.6260986328125,-0.6842198371887207,0.4737025201320648,-0.5544809699058533,0.19001996517181396,0.8498563766479492,0.49156540632247925,218.86387634277344,-141.9567413330078,150.76223754882812,0.6636310053206538,0.6236636325229327,0.5927061532407801,0.7152120227948369,0.6319852243192332,0.6326696349406364,0.7457893983997386,0.9811089194178849,0.7254153591865161,0.7358195617518989,0.5757045687902599,0.5740001794595588,0.6311725606574893,0.8886710333622508,0.5611634191107926,0.6862188427007936,0.5734199654484164,0.5693899099056529,0.6611286631388711,0.8563591195785906,0.5763473463599055,0.6182995403254969,0.5502928655866133,0.5804782188732999,0.6463491974072387,0.7430139821509778,0.571136482786903,0.5671311578089125,0.554194638738434,36026201832
-0.2982690930366516,173.3863983154297,42.49174118041992,-0.6412234902381897,0.19515159726142883,-0.7421241402626038,-0.03810298070311546,-0.9740252494812012,-0.22321069240570068,10.527040481567383,1.4304355382919312,-2.122286796569824,0.6561886898241301,0.7151634088133705,0.9338699767024115,0.685817935809515,0.7085467102930848,0.9932782376855038,0.550975142822704,0.7864452516124179,0.98393227322191,0.810849172842738,0.9611398232848412,0.9958286135917328,0.5469877560273367,0.8005266188076334,0.9932322026720646,0.8087598034454903,0.5561992974258688,0.9976061516790274,0.5629264087747511,0.7782376413846696,0.9873548557239837,0.8089149208505848,0.5448608238973982,0.9993811913924128,0.5973753058423774,0.7048063046087586,0.983623963505872,0.7742404408191942,0.5569253885867156,36026210739
-315.6123352050781,167.7511444091797,-161.1170654296875,-0.6817857623100281,0.4716956913471222,-0.5591702461242676,0.18545767664909363,0.8508375287055969,0.4916105568408966,226.64048767089844,-145.30323791503906,169.4207305908203,0.6645844478492017,0.6213545885400347,0.5937029106894895,0.7143896863536524,0.6351360429786371,0.637665953141305,0.7473139986215033,0.9879160851734891,0.7094377882978667,0.7589229760264841,0.5720426007358835,0.576585348344059,0.6362889221852022,0.8909811595924132,0.561451300176853,0.6823232722948557,0.5737877070974023,0.5715201834751116,0.6683121516204936,0.8453721060973384,0.5783197848914579,0.6043905351539136,0.5501955638656663,0.5800032402089321,0.6451548547680552,0.7372511711824645,0.5705909944734012,0.5649425408386494,0.5542184992991483,36026210739
-0.2062411904335022,173.32125854492188,42.48289108276367,-0.6400411128997803,0.1953110545873642,-0.7431022524833679,-0.03994306921958923,-0.9743022918701172,-0.22167448699474335,10.86259651184082,-7.687747955322266,-1.044256329536438,0.6562608864726756,0.7152285171479579,0.9345142491081984,0.6859566334731221,0.7095031531655052,0.9932101426701021,0.5510603089774228,0.787244113347954,0.9837016348158596,0.8119536494049903,0.9612941150944877,0.9957652707589929,0.5471052992226464,0.8011546441821956,0.9931755731374502,0.8092342115920474,0.5561621805840871,0.997526708292557,0.5632392857013497,0.779348738080995,0.9872142477665283,0.8097447851803381,0.5448236587424533,0.9994281485342331,0.5976487282318589,0.7061639771740997,0.983524122026034,0.7751232297428641,0.5568834522209912,36026219211
-313.65484619140625,166.5233154296875,-159.58836364746094,-0.6799764037132263,0.469901978969574,-0.5628713369369507,0.1827850341796875,0.852052628993988,0.4905058443546295,231.05429077148438,-144.9284210205078,180.44168090820312,0.6652751994534233,0.6182569067698284,0.593904653641968,0.7134921125890212,0.6381302655725885,0.6413056295481974,0.7475129028443696,0.9925568962551242,0.6903852896603927,0.7799758817795968,0.5678699369678604,0.5789708497952069,0.6408365123107292,0.8919753655083263,0.5617126387702078,0.6779545365150347,0.5728357483497704,0.5737353716951737,0.6764292105387552,0.8278915977452642,0.5807492765367087,0.5872409596926926,0.5500388359497603,0.579530335327214,0.643228099729589,0.7326066442742563,0.5694548911602869,0.5637604626975441,0.5545145534985629,36026219211
-0.13588351011276245,173.22732543945312,42.453975677490234,-0.6399580836296082,0.19518285989761353,-0.7432074546813965,-0.03959916532039642,-0.9742938280105591,-0.2217734158039093,8.078731536865234,-10.78697395324707,-3.3205630779266357,0.6565138869615013,0.715151474801864,0.935013547883793,0.6856102809278101,0.7106592675200584,0.9932153159987145,0.5509803160924548,0.7869589176322994,0.9833078372549242,0.8128124588865134,0.9611057482672115,0.9957470793165794,0.547116166840389,0.8011781862999502,0.993017063864929,0.809796153393843,0.5560540822944331,0.9974813358812342,0.5634659168620206,0.7801151122895441,0.9870133327411041,0.8107110283782437,0.5447702429181573,0.9994571142851392,0.5977705757230817,0.7071030894169766,0.983413491045585,0.7759735567709342,0.5568801931832044,36026227920
-311.61285400390625,165.2249298095703,-158.31265258789062,-0.666820764541626,0.4605375826358795,-0.5858798027038574,0.18982981145381927,0.8652226328849792,0.4640629291534424,234.4707489013672,-149.08450317382812,146.4810791015625,0.6633840627445093,0.6200136005513783,0.5997371871754161,0.724853951173432,0.6783104228488898,0.6162081105916313,0.7532277771549832,0.9963337314333237,0.679086507520089,0.769954218816279,0.5640215778160146,0.5777294569977598,0.6383845984429318,0.8917614876763964,0.559911457240372,0.6782489357560132,0.55994949661162,0.5830508044206856,0.738532293910995,0.8237217401850154,0.6108418423909507,0.5548230523760288,0.5481053549485676,0.5846652513480453,0.6712533868402184,0.7562791901895154,0.5792222529347251,0.5587441961144143,0.5526399507804474,36026227920
-0.0414566770195961,173.1958465576172,42.45418930053711,-0.6396048069000244,0.1947525143623352,-0.7436243295669556,-0.037367697805166245,-0.9741078019142151,-0.22297465801239014,10.996487617492676,-3.6660473346710205,0.024966586381196976,0.6568548856936817,0.7145490210766415,0.9347791675856014,0.6846962114292732,0.7115445534241142,0.9932946030389167,0.5507270764120801,0.7859850088612876,0.9831013471679088,0.8128774006495216,0.9608648339919242,0.9957751488003482,0.5469843030702264,0.8008898546386137,0.9929259346608328,0.810081265869634,0.555943853470394,0.9974653477312394,0.5634726450078079,0.780555690031913,0.9869039466457334,0.8113924060772816,0.5447061634826813,0.999473599372736,0.5975788604537576,0.7076654450817091,0.9834372603823586,0.7764178896101471,0.5568683401515534,36026236507
-309.79754638671875,164.01754760742188,-157.13584899902344,-0.6512817740440369,0.4500042498111725,-0.6110059022903442,0.19839635491371155,0.8781591057777405,0.4352877736091614,211.40087890625,-140.60696411132812,137.0445556640625,0.6587625381320258,0.6277988235092008,0.5931049069148912,0.7360358924188284,0.6783101853582507,0.5986863964461917,0.7618568686003702,0.9987828993183623,0.6752365160031301,0.763300949149708,0.5626440639870567,0.5795496319829804,0.6375308972093301,0.8934709883482677,0.5578851884139486,0.6812495499349942,0.5510479853154242,0.5926238515376474,0.7876536789207649,0.8554639875139086,0.635018647989833,0.5497979920942384,0.5480483087646087,0.5916681358437607,0.7021302094000822,0.7867214533269378,0.5888266154959367,0.5567399795420171,0.551493149963943,36026236507
0.05018547177314758,173.16969299316406,42.45909118652344,-0.6390882134437561,0.19402049481868744,-0.7442595362663269,-0.03507556393742561,-0.9740051627159119,-0.22379367053508759,10.573687553405762,-3.017601728439331,0.5655404925346375,0.6571737011773154,0.713904151693404,0.9342905437293252,0.6837620099532307,0.7120768566047844,0.9934018385431814,0.5504529158231244,0.785205879574299,0.9829591692733005,0.8130986892837289,0.960570391659312,0.9958341746448072,0.5468498907453656,0.8006406453514769,0.9928708651973476,0.8104243867110555,0.555832316582886,0.997480823982697,0.5634414691352596,0.780958581341533,0.9868389776333055,0.8121424958546223,0.5446483087999947,0.9994754745042961,0.5974063966959099,0.7081982337039167,0.98348850897165,0.7770024559969598,0.5568444415242902,36026245174
-308.4177551269531,163.0880889892578,-156.2823944091797,-0.6365947127342224,0.44167640805244446,-0.632193922996521,0.2110639065504074,0.8882380127906799,0.4080260992050171,159.19940185546875,-107.24134063720703,98.47200012207031,0.6463187924996966,0.5973469657980193,0.6063451542552736,0.6496876047213648,0.5423808629418236,0.5857583099614844,0.7664341603128677,0.9988222093338461,0.6765512101266261,0.7493760686868923,0.560522815379518,0.5828705870756052,0.6411207219711357,0.8964126886820599,0.5575299496282152,0.6815728680106358,0.545921781935151,0.6019956481533455,0.828828946388012,0.8889215577992714,0.6565100401940883,0.5485131543692622,0.5489135420532113,0.6003344607588653,0.7306161091920937,0.8170961252923407,0.5961939684248007,0.5566474697648343,0.5510027411827867,36026245174
0.13672025501728058,173.156005859375,42.466129302978516,-0.6388521790504456,0.19310832023620605,-0.7446992993354797,-0.03234776109457016,-0.9738712906837463,-0.2247849851846695,9.985551834106445,-1.577940821647644,0.8124053478240967,0.6576256590996625,0.7131807242707395,0.9334158925606887,0.6826850736417677,0.7122551082972084,0.9935748874281387,0.5500845674230224,0.7839197990399216,0.9827975777075519,0.8132100066519458,0.9600568449793387,0.995941251219116,0.5466179027628819,0.800242956404623,0.9928121193636089,0.8109374403247983,0.5556994764054931,0.9975351366615911,0.5633010819274705,0.7813530390942226,0.9868077519267265,0.813126006857418,0.5445733510007704,0.9994634151283737,0.5971206475002976,0.7087259831323346,0.9835944475273672,0.7777587180009776,0.5568025284714129,36026253840
-306.9338073730469,162.1746063232422,-155.38412475585938,-0.6228829026222229,0.43546062707901,-0.6499160528182983,0.22620882093906403,0.8955262899398804,0.3832261562347412,171.2371826171875,-105.40982055664062,103.65447998046875,0.6394487231374695,0.5934931442219856,0.6459363764848614,0.6200181059557484,0.5789330681076769,0.57644072504574,0.7633951329968703,0.9981683984157619,0.6749947424563295,0.7412950744003499,0.561563709225177,0.5868481383063691,0.6470395305946106,0.9013589757261834,0.5581737437235309,0.682215544792064,0.5440230784223195,0.6103944393564517,0.8612502691297091,0.9150153241906988,0.6749138976213732,0.547830757747223,0.5500941010032118,0.6111275243044892,0.7533304582695911,0.8422346945334087,0.5992065828903597,0.5574983752721068,0.5510657003299546,36026253840
0.21437886357307434,173.09815979003906,42.46223449707031,-0.6390256881713867,0.19218462705612183,-0.7447893619537354,-0.030199071392416954,-0.97380530834198,-0.22536899149417877,8.943753242492676,-6.662511348724365,-0.4488402307033539,0.658039193254004,0.7126790819955164,0.9326931945866783,0.6816196928467934,0.7123558960664195,0.993723665622844,0.5497346749259976,0.7830542376439866,0.9826815819450379,0.8135146254918012,0.9595204584786794,0.9960398993911438,0.5464411710756585,0.8001820798770083,0.9927685850292117,0.8116629592843516,0.5555579239025297,0.9975942899501202,0.5632433277218898,0.7821166577275371,0.9867774368431268,0.8144784340159599,0.5445015209764796,0.9994508917638422,0.5970166552611226,0.7096193183383616,0.9836467797077744,0.7789847953904494,0.5567434910531279,36026262523
-305.6893310546875,161.34820556640625,-154.6636505126953,-0.6112830638885498,0.43137243390083313,-0.6635139584541321,0.23913449048995972,0.8998806476593018,0.3647320866584778,143.323486328125,-95.17430877685547,82.97564697265625,0.6350957005228425,0.593021806051705,0.6726024513396845,0.6041113734927259,0.6120298290090084,0.5703909402494421,0.7518347679264088,0.9971594886778059,0.666165276866465,0.7429839351837795,0.5624376284787023,0.5910244057310544,0.6554231483869791,0.9083842195807467,0.5598357489815347,0.6823186567013849,0.5444401596775182,0.6166441839658838,0.8816535793096765,0.9303996499318982,0.6870230964186506,0.547279531233046,0.550835909942682,0.6242663173073153,0.7641077429554586,0.8569376768498901,0.5940998840186451,0.5594231398543923,0.5520114792016394,36026262523
0.286641925573349,173.0951690673828,42.469539642333984,-0.6394863128662109,0.19096639752388,-0.7447074055671692,-0.026170117780566216,-0.9735046625137329,-0.22716471552848816,8.323318481445312,-0.344576895236969,0.8417750597000122,0.6585936040782002,0.7116321768230763,0.9308530923691677,0.6801037642478839,0.7116764882215737,0.9939071971670348,0.5493560635545189,0.7816866452043234,0.9825458628545848,0.8135521798437675,0.958956323958357,0.9961475896346244,0.5461949877539249,0.7998926899482829,0.9927180529910968,0.8122780699962826,0.5554113420096661,0.9976528440489196,0.5630163207841034,0.7825548786621098,0.9867974558188255,0.8154356907531152,0.544435384158807,0.999435213290102,0.5965565815544226,0.7100490049857112,0.9838126675987157,0.7796240411097576,0.5567214670155107,36026271205
-304.39508056640625,160.53683471679688,-153.78482055664062,-0.6013444066047668,0.4282371997833252,-0.6745352745056152,0.25164639949798584,0.9027804136276245,0.3488001823425293,149.07460021972656,-93.4543228149414,101.22520446777344,0.632302085277402,0.5933986057105155,0.690692605464542,0.5945084274725356,0.6359592004935659,0.566306685583328,0.7328343425218612,0.9965980519606651,0.6505676196777473,0.7571417683722204,0.5633798735644696,0.5952291609779613,0.6639531750488064,0.9126448806874212,0.5616979460412006,0.6795135596230768,0.5462865279217024,0.6205532435151345,0.8873318344464297,0.9330910744677297,0.6879806577511026,0.5466535547511102,0.5512636356735671,0.6400202462147984,0.7619926024953827,0.8582540184470124,0.5810384115489892,0.5614047442243673,0.5545000565153343,36026271205
0.36601924896240234,173.0901641845703,42.486202239990234,-0.6397930979728699,0.18967591226100922,-0.7447736859321594,-0.02307770401239395,-0.9733713269233704,-0.2280694544315338,9.151180267333984,-0.5780961513519287,1.9206335544586182,0.6591080601498903,0.7107094879937146,0.928679229380234,0.6786184339716889,0.7103205806013857,0.9940572268989964,0.5490594784735923,0.7809039128375388,0.9824648097563091,0.8138419370415545,0.9584343445507563,0.9962469562927557,0.5459999190079482,0.7999307621497014,0.9926872796463266,0.8130799597062122,0.5552959568264858,0.997715223618511,0.5628227822199302,0.7831386540156744,0.9868131138396217,0.816569718609662,0.5443830562528726,0.9994170723750242,0.5962080244238691,0.7104987047877694,0.9839190802571643,0.7804315794018486,0.5566868590441032,36026279879
-303.0998840332031,159.8319091796875,-152.91162109375,-0.5924534201622009,0.4258124530315399,-0.6838732957839966,0.2649327218532562,0.9046598672866821,0.33376815915107727,149.31698608398438,-81.26759338378906,100.6673812866211,0.6309915950523617,0.5939610708538916,0.70098169575054,0.5884459766499944,0.6511011984010421,0.5636971230219324,0.7032513893309995,0.9978047239042347,0.625566234348868,0.7945257670456403,0.5644161347127469,0.5994881518089631,0.6722710778750179,0.9210196977431332,0.5636915416514432,0.6824424331595983,0.5490848838520241,0.623446010705285,0.8901724343799148,0.9341349159646272,0.6874555572391191,0.5462583400560522,0.5514931370770491,0.658257995256587,0.7574834483400168,0.8573819238005038,0.5674624588873821,0.5638152564763833,0.5586281450196309,36026279879
0.44199156761169434,173.08279418945312,42.50865936279297,-0.639959454536438,0.18801449239253998,-0.7450519800186157,-0.02067996747791767,-0.9734667539596558,-0.22789216041564941,8.757614135742188,-0.8483698964118958,2.589068651199341,0.659575251838519,0.7100277337512063,0.9263958953912182,0.6772474635476572,0.7084609721396845,0.9942417726795292,0.5487599858594556,0.7800874947423011,0.9823760801795116,0.814291668561543,0.957716763713243,0.996385495928374,0.5458053258452021,0.7998887320790363,0.9926790178955224,0.8139390031957647,0.5551571821583559,0.9978058989741939,0.5626796598744148,0.7837937856821293,0.9868277810879157,0.8179734418762685,0.5443205355024227,0.9993915526581045,0.5960796650608655,0.7110979032998033,0.9839656519180956,0.7815587294120004,0.5566056326864645,36026288554
-301.66796875,159.23289489746094,-151.85751342773438,-0.5840885639190674,0.4235587418079376,-0.6924150586128235,0.2755354642868042,0.9058640599250793,0.32169944047927856,165.06515502929688,-69.05182647705078,121.51193237304688,0.6304019828798254,0.5944901696087934,0.706596747122694,0.5848028457904973,0.6600002754063539,0.5625981549462219,0.6523772416370639,0.9999989758440382,0.5841604502959967,0.8787875345307641,0.5654416607109207,0.6039285745499708,0.6809029785483148,0.9288895458794789,0.5656665940982468,0.6847301014628093,0.5531432850695249,0.6266782550420099,0.8851922574144259,0.9286468037184029,0.6784841294196775,0.5458748768654429,0.5518221465782741,0.6795348747542703,0.7533918463412274,0.8520258023360766,0.5556448749901974,0.564436776564157,0.5663223192656802,36026288554
0.5005760788917542,173.09716796875,42.5454216003418,-0.6404812335968018,0.18674448132514954,-0.7449229955673218,-0.017753135412931442,-0.9733259677886963,-0.2287386804819107,6.774343967437744,1.661522626876831,4.250547409057617,0.6601040936730942,0.7091579435714205,0.9235355663576675,0.6755794471779513,0.7061647275483597,0.9944217003510245,0.5485067376523219,0.7787829075453235,0.9821612731330222,0.8145591531997091,0.9569370709700143,0.9965203775021472,0.5456246863178863,0.7996669674600787,0.9925869423544621,0.8149331659517377,0.5550160647511163,0.9978937401609586,0.5625267704306487,0.7842833055594429,0.986779815950797,0.819398654224974,0.5442657007368059,0.999365045694315,0.5958923310446438,0.7114068999530166,0.9839731743119735,0.7825314312152776,0.5565586057200167,36026297202
-300.2513427734375,158.7423553466797,-150.55465698242188,-0.5773491263389587,0.4226888120174408,-0.698571503162384,0.2819853127002716,0.9061509966850281,0.31523746252059937,163.80833435058594,-56.72184753417969,150.65292358398438,0.630202659856561,0.594898607888725,0.7083247389966209,0.5828916827879524,0.6633661466587597,0.5623918418659468,0.58260411976312,0.9997353725448634,0.543863791563247,0.9590442272009475,0.5725103049587481,0.6074297541150688,0.6881770231370199,0.9355102899959067,0.5672566570310832,0.6864009772996473,0.5636965415068512,0.6292055807471344,0.8769975935081298,0.9221451196985407,0.6673883820420774,0.5460000142351235,0.552170718107437,0.7003128700290916,0.7513788053697007,0.8472158501577983,0.547835646703581,0.5647457371694357,0.5755981230976164,36026297202
0.5542025566101074,173.08909606933594,42.569358825683594,-0.6411455869674683,0.1857188194990158,-0.7446078658103943,-0.015644190832972527,-0.9732365608215332,-0.2292725294828415,6.134349346160889,-0.9232250452041626,2.7382912635803223,0.6605554771727244,0.7085417767796134,0.9208100098453411,0.674073258001797,0.70368730117592,0.9945242525251294,0.5482434525820378,0.7778448932439889,0.9819936508348994,0.8147148633503806,0.9562257950744487,0.996620513754552,0.5454990243351193,0.7994600622123131,0.9924475902214426,0.8159101191540992,0.554874250786319,0.9979701476021443,0.5624926764899152,0.7848232293192191,0.986621161964925,0.8210727030235985,0.5442110587854184,0.999348965733452,0.5959577983286491,0.7118671914537686,0.9838188536854153,0.783833062384378,0.5564754473510161,36026305944
-298.8049621582031,158.33197021484375,-149.06385803222656,-0.5700607299804688,0.4227744936943054,-0.7044802904129028,0.2880549728870392,0.9058645963668823,0.3105376362800598,165.4519805908203,-46.94423294067383,170.53335571289062,0.6300985657038847,0.5951334331885458,0.7059875106786342,0.5828100058896322,0.6601382391026942,0.5584818312591848,0.6079238927077102,0.8798014421555042,0.5656035610295671,0.707363758334066,0.5712449893907017,0.6113901846303871,0.6959844299286926,0.9471166554722305,0.568963554858319,0.6953295189497648,0.5623938884235536,0.6339001204825614,0.8814812060004776,0.9278597177359829,0.666455524052908,0.5465472403074286,0.5529749878861552,0.7214310317241286,0.7612673767257736,0.8558586725256578,0.5449801030195744,0.5660848961070859,0.5844732524023263,36026305944
0.6061082482337952,173.09259033203125,42.59151840209961,-0.6417011618614197,0.18482135236263275,-0.7443525195121765,-0.014710597693920135,-0.9733173847198486,-0.22899100184440613,6.019447326660156,0.40616878867149353,2.5697193145751953,0.6608891629720872,0.7081471022764619,0.918061472469535,0.6727550549839186,0.7007986738034445,0.9946056962682294,0.5480910935074647,0.7772587223275417,0.981793610322521,0.8151463184251911,0.9555261267611942,0.9967127164800571,0.545444116234185,0.7993947893495236,0.9922872319941552,0.8170313114143728,0.5547724922748326,0.9980406354875443,0.5625868600354534,0.7854374636457677,0.9864130646896521,0.8228628669421298,0.5441600865672215,0.9993387191773954,0.5963367566643057,0.7123781538467369,0.9835048959035257,0.7853655511381403,0.5563793036290792,36026314567
-297.3909912109375,157.85809326171875,-147.68080139160156,-0.5641433596611023,0.42311549186706543,-0.7090243697166443,0.2906109392642975,0.9055229425430298,0.30914953351020813,163.97842407226562,-54.95490264892578,160.3918914794922,0.6301314648794838,0.5955301580237469,0.7048987888787686,0.584227499228913,0.6560502545924781,0.555120994808995,0.6088625388751571,0.855886196071217,0.5687764511485359,0.6787890783892117,0.5763499617840908,0.6153711195629981,0.7046861490415364,0.9656605654300361,0.5706550749091664,0.7165165682921537,0.5689928883571324,0.6420131434520137,0.8937739674519446,0.9414759093730213,0.6697341189402671,0.5476891158686146,0.5548798826111231,0.7403333778041173,0.7786579777785486,0.8737196025330439,0.544839812902816,0.5686018130894835,0.5891154463845151,36026314567
0.6944286823272705,172.9369659423828,42.594017028808594,-0.6414065957069397,0.17665398120880127,-0.7465862035751343,-0.009420687332749367,-0.9748698472976685,-0.22257596254348755,10.201019287109375,-17.974740982055664,0.28868958353996277,0.6610330573993961,0.7053712822726824,0.9129403851769435,0.6705342089820618,0.697952266995598,0.9956125903472728,0.5466097578899979,0.7719254950787977,0.9840194909196499,0.8096853303049785,0.9523841898832146,0.9974847461996968,0.5444201612105751,0.7962654823450587,0.9935452105007311,0.8142251177523195,0.5544383171580759,0.9986765643327201,0.5607695117665517,0.7821980542548812,0.9878929956869109,0.8215889728481836,0.5440376054823777,0.9988048472266683,0.5951416472714481,0.7091923784677912,0.9847223962836658,0.7862842742053282,0.5562363988874609,36026323225
-295.91326904296875,157.00225830078125,-146.87161254882812,-0.5553642511367798,0.41800546646118164,-0.7189172506332397,0.30826136469841003,0.9063817262649536,0.2888721525669098,170.67543029785156,-98.85021209716797,93.46119689941406,0.6343513783089413,0.5980814778250831,0.7034165411359393,0.5867024321931231,0.651967288765921,0.5544125362092088,0.6206091965152661,0.8524501399923216,0.5800356316756629,0.6604142720109735,0.5789876109533252,0.5780644861277497,0.6381670189774724,0.9680649178864691,0.5617856868941014,0.7908100180729144,0.5472888635923381,0.6208626755686468,0.9346671177999106,0.9338535766267047,0.7441764343048132,0.5403048101654633,0.5586371226761876,0.7756101136951057,0.7756101291954172,0.7332960713381381,0.5403024563182061,0.5444993776337594,0.613726880490271,36026323225
0.7540484666824341,172.92483520507812,42.618011474609375,-0.642133355140686,0.17589840292930603,-0.7461397051811218,-0.007855848409235477,-0.9747781157493591,-0.22303786873817444,6.85206413269043,-1.3947303295135498,2.757680892944336,0.661152715032661,0.7044640140861773,0.9094040081845645,0.6691301154595245,0.6946933116008536,0.9956842590587294,0.5464571932643685,0.7711368003668043,0.9839115705884065,0.8096806958460162,0.9519213723857376,0.9975501372290356,0.5443567465200129,0.7960577246900304,0.9935022906395499,0.8146738944902804,0.5543369791436017,0.9987302583098595,0.5606725005235462,0.7824975271222552,0.9878840072958834,0.8225167726465871,0.5440326259284279,0.9987710911076289,0.5951230256763645,0.7088573230508896,0.9846336137140892,0.7866491200837167,0.5562740927329491,36026331926
-294.3648376464844,156.29568481445312,-146.11795043945312,-0.5466465950012207,0.42202016711235046,-0.7232402563095093,0.3319304883480072,0.902163565158844,0.2755413055419922,177.95899963378906,-81.20611572265625,86.61852264404297,0.6433990546481883,0.5981300547575598,0.6894113439057054,0.5859851150485986,0.6518045582449226,0.5556431360696797,0.6276787945877883,0.847054743477891,0.5857035416740818,0.6480941446094038,0.5826084514185541,0.5826846497023614,0.5946683252271074,0.9996809674660782,0.541117763951197,0.9284883114417959,0.549284267587174,0.6123422128909357,0.8332058486540918,0.967910402476977,0.6480899264951836,0.8057548810739678,0.5446995783213607,0.822340290844817,0.8223401239767212,0.7805791950819608,0.5403022589162767,0.5443104177975406,0.6567373364112127,36026331926
0.8040775060653687,172.92881774902344,42.658451080322266,-0.6435742974281311,0.1762363314628601,-0.7448173761367798,-0.005880076438188553,-0.9742391705513,-0.2254405915737152,5.763713836669922,0.4584498703479767,4.659212112426758,0.6614775087822493,0.7041200836227207,0.9065461815632112,0.6680320790584166,0.6917621777854863,0.9956624347218993,0.5465373412519721,0.7708992162507835,0.9833657921540933,0.810818924756556,0.951578402100597,0.9975496967395342,0.5444354065002164,0.7960493364353216,0.9932017434387507,0.8158697838462855,0.5542558395918252,0.9987251208909735,0.5609078254711439,0.7829775719505695,0.987548904390317,0.8239088874065834,0.5440178567373313,0.9988197307051095,0.5954372692524836,0.7089151813497878,0.9842341784025275,0.7872297513142316,0.5562491751817652,36026340606
-292.67889404296875,156.0314178466797,-144.736328125,-0.5320547819137573,0.4548068940639496,-0.7141907215118408,0.3661803901195526,0.8841262459754944,0.2902287542819977,194.23291015625,-30.44565773010254,159.17181396484375,0.6668157064826113,0.6037509512385714,0.7368443114762862,0.6258200153166228,0.6779037276810967,0.5545950870282508,0.5666430994246938,0.9996277131466426,0.5435070452208369,0.9687152643635476,0.6786287312400494,0.5622755395207027,0.9930711402484153,0.9930712161081445,0.9942427978476271,0.5403022922706743,0.5911677373512203,0.5769751408305528,0.9884588649335782,0.9211566627229336,0.916234336458134,0.6657352994285247,0.6496573566167917,0.8354872268123966,0.8449040902308138,0.822943822009717,0.5404943813741337,0.5416908814578731,0.7125010977722999,36026340606
0.8479280471801758,172.9517364501953,42.67136001586914,-0.6450525522232056,0.17697465419769287,-0.7433620691299438,-0.004080364014953375,-0.9735949039459229,-0.22824621200561523,5.07823371887207,2.655052900314331,1.4949605464935303,0.6617228809315138,0.7041073785468958,0.904443017493934,0.6674168083974379,0.6892705618760582,0.9955940285940634,0.54673232169517,0.7711964933175854,0.982683952300324,0.8125265211189464,0.9514629814742747,0.9975214339462447,0.5445564788711665,0.7962680001166409,0.9928190645542826,0.8173855919215504,0.5542327009493876,0.9987006176695835,0.5612215768100923,0.7836580665835502,0.987095206828067,0.8256282230631228,0.5440089918764366,0.9988938313016551,0.5958270813191145,0.709158891715088,0.9837364003395972,0.7879324170209654,0.5561979600598318,36026349241
-291.2336730957031,156.03761291503906,-144.02349853515625,-0.517336368560791,0.48602911829948425,-0.7043712139129639,0.49377357959747314,0.8417748808860779,0.21818052232265472,167.36805725097656,0.718186616897583,82.55162811279297,0.6077223469219025,0.5865143667089082,0.6847777515267102,0.5692534093633133,0.6391887632083549,0.5559034289458809,0.5613665074684402,0.8440712012888115,0.5435987631105843,0.7689517827190118,0.6419585473583883,0.6654453661370019,0.9979231814407219,0.9979231264390802,0.9099312158072567,0.5403022270753812,0.6588652281778722,0.5809395398531592,0.9882552744038733,0.9644304150846053,0.8997282578866493,0.6129026476162218,0.7862610812006353,0.6937794391828694,0.7185085671568778,0.7020516982560671,0.5416844936410534,0.540896862429585,0.5918153598261874,36026349241
0.9170726537704468,172.85934448242188,42.67027282714844,-0.6452233195304871,0.1699741780757904,-0.7448460459709167,0.002726912032812834,-0.9744184613227844,-0.2247248888015747,7.940354824066162,-10.609831809997559,-0.12520313262939453,0.6618635303783827,0.7014218177224969,0.8992429365572884,0.6656224037877078,0.6865935879701861,0.9964350738418234,0.5457881479237976,0.7667639503490061,0.9845332295160201,0.8081969077769317,0.948602307897162,0.9981306488683994,0.5438302665558301,0.7934962838220664,0.9938369338377637,0.8152000508379887,0.553991517899602,0.9991651468025635,0.5598489513805073,0.7804223848435846,0.9882976228349122,0.8243789054910529,0.5439250565035342,0.9983118232031705,0.5951051752265644,0.7058037331186884,0.9847631560348978,0.788008933096176,0.5560604902771948,36026357949
-290.0771789550781,155.5486602783203,-143.43539428710938,-0.5050981640815735,0.5017659664154053,-0.7022156119346619,0.549416720867157,0.8144124746322632,0.18674473464488983,132.80931091308594,-56.14998245239258,67.53717803955078,0.5634567414681636,0.5683836739340041,0.633613881052825,0.5524124890834458,0.5796033197119953,0.5686425010370556,0.5666577027878912,0.643489086491247,0.5410722854350034,0.5935228013604008,0.5907053673435607,0.7163607617203768,0.99971331197416,0.8456739321029058,0.8775825320427084,0.6961942232495194,0.6859050932344897,0.594512428954717,0.9854393501002421,0.9794413189296104,0.87358766876151,0.5978645469751479,0.8379464409999625,0.6761607897522754,0.7071062673809239,0.697436261769533,0.5425994202379963,0.5405114792262306,0.5925321852498711,36026357949
0.9637182354927063,172.89239501953125,42.70445251464844,-0.6463122367858887,0.17065492272377014,-0.7437455058097839,0.004339021630585194,-0.9738337993621826,-0.2272200584411621,5.4050493240356445,3.8280978202819824,3.9609577655792236,0.6618190920342818,0.70113289763637,0.8972186970110249,0.6649430361785439,0.6844564515190135,0.9963773409575565,0.5459871138344765,0.7668817313042903,0.983949764429761,0.8095390220054627,0.9486810707074836,0.9981138497152838,0.5439731997784335,0.7934614411277638,0.9934917795784699,0.8164364637082421,0.5539980928457867,0.9991618654227663,0.5600895844150222,0.7807154646368556,0.9879210133594227,0.8257482802358466,0.5439568733514671,0.998365350558379,0.595437555734713,0.7053802326229974,0.9843332877180039,0.7881620874558196,0.5560947664640938,36026366579
-289.0486755371094,155.3884735107422,-142.73587036132812,-0.5036126971244812,0.5163088440895081,-0.6926755309104919,0.6160661578178406,0.776718258857727,0.13103936612606049,119.17938995361328,-18.561819076538086,81.05631256103516,0.5617440044262402,0.5695576802562422,0.6199499953347729,0.5431854448752947,0.563336728727294,0.5737913112801212,0.5861745953537413,0.5698479018749346,0.544766254432124,0.544499365173117,0.5668103825990151,0.7370475043588487,0.9993385567290514,0.5411514166461378,0.8891747194261598,0.9999996085396663,0.6807270551614163,0.6161584834724523,0.986252678068609,0.9733669202042792,0.8446878167174982,0.6050674208086095,0.874987709865589,0.6812674670001219,0.7182353752259338,0.7140890799562873,0.5435645383856508,0.5403440422001201,0.5908671191538775,36026366579
0.9861263632774353,172.943115234375,42.74817657470703,-0.6477059125900269,0.17223040759563446,-0.7421682476997375,0.0049070874229073524,-0.973150908946991,-0.23011565208435059,2.5878381729125977,5.858306884765625,5.0491838455200195,0.6619354714585582,0.7014962583917447,0.8963199327972751,0.664741206167875,0.6829199032175867,0.9961952062766153,0.5463677114232808,0.7678020605300578,0.9829700514659697,0.8119329022890238,0.9489843171836329,0.9980207328646404,0.5442299251918755,0.7937072386115293,0.9929199266713521,0.8181953574858171,0.554033928435431,0.9990971978830541,0.5606282126676654,0.7812937878984061,0.9872276354058039,0.8274889427053899,0.5439682591881139,0.9985222845955143,0.5960026548588677,0.7055209216004348,0.9836216144434972,0.7885433822174721,0.5560516212663185,36026375238
-286.351318359375,154.0096893310547,-140.7654571533203,-0.45683392882347107,0.5203465223312378,-0.7214861512184143,0.7994598746299744,0.5958306193351746,-0.0764838382601738,311.50830078125,-159.23028564453125,227.55630493164062,0.5861716014485566,0.5669061534313816,0.5872174315570617,0.5487603708841388,0.5898687803928093,0.5788124687046666,0.6544315676228676,0.9957030895035961,0.5643185473495376,0.829892895659176,0.5588605606376111,0.6620528322767596,0.715529083820242,0.5519222217453806,0.8775825561639874,0.6865055696189911,0.5727778581496324,0.6244773847681787,0.6778469199115278,0.6405395334772094,0.8805831256672243,0.5453303946645173,0.6173372462599356,0.7590219760402597,0.9175457964333072,0.9083203931036739,0.6439789071861798,0.948811975434699,0.6008130372073287,36026375238
0.9937679767608643,172.98680114746094,42.7870979309082,-0.649290144443512,0.1737048476934433,-0.7404383420944214,0.006010561715811491,-0.9723657965660095,-0.23338507115840912,0.8783506751060486,5.020862102508545,4.473980903625488,0.6621652081042367,0.7019266445571093,0.8957607733363163,0.6645224744538083,0.6818316937093879,0.9959972785001362,0.5467329491899562,0.7686734378674183,0.9820036370324374,0.814112219474973,0.9492917321913846,0.997906195175411,0.5444755768008953,0.7939991223271488,0.9923399725839065,0.8198045616788905,0.5540503298396902,0.9990133830681686,0.561130958252923,0.7819594162082018,0.9865375170480303,0.8290742649510167,0.5439760808547948,0.9986880534447734,0.5964201716904677,0.7059100996113086,0.9829547147366661,0.788931048158206,0.5560057014563939,36026383938
-284.29925537109375,151.92703247070312,-138.9115447998047,-0.4108314514160156,0.5140881538391113,-0.7529481053352356,0.8892604112625122,0.4080982208251953,-0.2065715789794922,235.86846923828125,-239.38671875,213.09384155273438,0.6014656951491844,0.5697455074458369,0.5969313975968652,0.5512699436029003,0.6322089278663233,0.62826053067802,0.8616367202622923,0.9511391092132802,0.6612448129396292,0.8102957760006814,0.554489624289514,0.8244596904747442,0.5670236335439756,0.5412296035759354,0.9271787121012915,0.5605470870113725,0.62373470186968,0.7541597794097545,0.5716088466870356,0.7074503416677009,0.8775823996656893,0.7150857057331391,0.5674823284287734,0.813486462463639,0.9945782913411947,0.5988078946452965,0.7769777019841126,0.9996130638255497,0.5514516837342487,36026383938
1.030394196510315,172.82936096191406,42.77272415161133,-0.6487787365913391,0.16756564378738403,-0.7422990798950195,0.010592825710773468,-0.9733720421791077,-0.22898602485656738,4.231802940368652,-18.190881729125977,-1.6609693765640259,0.6621665692899247,0.6998477644756825,0.8922225636707837,0.6633034059595351,0.6804492126514291,0.9966810801684118,0.5460072679035861,0.7651692190790574,0.9837082520031326,0.8103660521812224,0.9467823295895247,0.998394031637037,0.5439399366185125,0.7918210193171018,0.9932837025971762,0.8179807939131811,0.553853171553042,0.999368537488896,0.560126965627478,0.7792244567512726,0.9876306107217392,0.8279468241892387,0.5439091403601126,0.9981304511098646,0.5960922789201167,0.7031739019956706,0.9838881071072733,0.789109416294828,0.5558702817810561,36026392593
-282.05010986328125,149.2171173095703,-136.08229064941406,-0.35214561223983765,0.5032463073730469,-0.7891365885734558,0.9359147548675537,0.18253250420093536,-0.301239937543869,259.8674621582031,-313.1034240722656,326.893310546875,0.6119970368854358,0.5800374296050079,0.6283224325830531,0.5512848270103348,0.667674320130744,0.7010949645172934,0.9988983498585312,0.9058676453543384,0.8259716995029991,0.6466615482783713,0.5794137513217702,0.935046815649471,0.5768009538995077,0.5938802694404773,0.9939143047982808,0.6784385818979733,0.658532458797214,0.8807147392138589,0.5797441296804214,0.5650700463016632,0.9515370192630955,0.5463901502754652,0.5547700563257557,0.8899835956027146,0.7956752654724669,0.6556964609208389,0.9848024103320583,0.8389893492748496,0.5417298455472208,36026392593
1.0334272384643555,172.81991577148438,42.78392028808594,-0.6493772864341736,0.1686786413192749,-0.7415232062339783,0.011023564264178276,-0.9728996157646179,-0.23096491396427155,0.347863107919693,-1.0828521251678467,1.28415846824646,0.6621127662804618,0.6997855457880833,0.8914314004636659,0.6625584239005441,0.6796480258051121,0.9965511053705849,0.5462112556952509,0.7653753159391969,0.9830818051207649,0.8114235398433021,0.9471007185008102,0.9983116764422089,0.5441045102809159,0.7919737442135265,0.9928925332138319,0.8189673027246631,0.5538659682527265,0.9993140764326196,0.5604004837200041,0.7797218620292056,0.9872137049487519,0.8288746399247869,0.5439399301033869,0.9982592664546371,0.5963361109753809,0.703233769257903,0.9834451683446134,0.7891399433424621,0.5559185602077913,36026401312
-279.7216796875,146.0946807861328,-132.56768798828125,-0.2933337986469269,0.48622432351112366,-0.823128879070282,0.9373847246170044,-0.022845745086669922,-0.3475455343723297,267.05047607421875,-358.1194152832031,403.09686279296875,0.6197248801937071,0.5812778066329884,0.6341911382866554,0.5554179618391687,0.6709015539001802,0.7856269553760086,0.9487755671760334,0.8595419075258943,0.9080177747129917,0.5670676249968142,0.6477170384709033,0.9482882698600708,0.5623469685236828,0.6694639984376525,0.9951540323622926,0.7709533470628576,0.6062203137219884,0.931938411800862,0.5654595173858594,0.5527980095048382,0.9849370999670803,0.5828242211396767,0.5415540167326672,0.9477995565028351,0.6503511633415155,0.5908278218984019,0.9966730194359893,0.6689594399508696,0.5438651113808949,36026401312
1.0117502212524414,172.85560607910156,42.827117919921875,-0.6503519415855408,0.17038150131702423,-0.7402786612510681,0.010420998558402061,-0.9724286198616028,-0.23296789824962616,-2.4233641624450684,3.9901387691497803,4.829400062561035,0.6622324335914594,0.7004280904225356,0.8917207819378536,0.6621670571863395,0.6793045877918403,0.9963655851869176,0.5465499296462122,0.7661796634496766,0.9821598210112068,0.8134630543567756,0.9473719815894287,0.9981969458656103,0.5443699193773763,0.792482223743244,0.9923292129334045,0.8206461605515427,0.5538678722402756,0.9992253885903191,0.5609597341036174,0.7807488030676828,0.9865298016489855,0.8305737600663087,0.5439452153959016,0.9984617748049429,0.5968903879792125,0.7041295815951473,0.9827085901659307,0.7899861179361841,0.5558745506388031,36026410257
-277.5033874511719,142.28927612304688,-128.4027557373047,-0.24513590335845947,0.45964232087135315,-0.8536025285720825,0.9104411602020264,-0.19343891739845276,-0.3656204342842102,247.99488830566406,-425.4217834472656,465.61541748046875,0.6156121146934187,0.5751785660893439,0.6322777750919987,0.5592488322837881,0.6591030581769267,0.8841764270639373,0.8610612836579711,0.7682081768465794,0.9156969664987372,0.5618657222689287,0.7928140434957329,0.9593901133641223,0.6114302920556497,0.6718628323314367,0.91930423287039,0.5849688134044553,0.5601465265063774,0.9613718117084454,0.5878620783430726,0.7018275690406741,0.998672731434285,0.8519949913456596,0.540326567060017,0.9642859220142236,0.6597778596837146,0.6102595204960363,0.9962099697457661,0.6232873788393577,0.5482811344106125,36026410257
0.9856730699539185,172.82711791992188,42.84746551513672,-0.65108323097229,0.17158177495002747,-0.7393580675125122,0.008426266722381115,-0.9724190831184387,-0.23308813571929932,-3.1151838302612305,-3.402439594268799,2.4304962158203125,0.6622273999230454,0.701515151748558,0.8930729772266274,0.6620632372756834,0.6795366398851796,0.9961977188197636,0.546925552228492,0.7673473159821762,0.981258289725734,0.8158573461266727,0.9475025769172194,0.9980981042564889,0.5446918228957626,0.7933347167020626,0.9917568011621464,0.8227461001344107,0.5538625993941297,0.9991453286502676,0.5616836785142698,0.7821227618976272,0.9857809572404929,0.8328518235863268,0.543942378148903,0.9986408280536803,0.5978117762184673,0.7054785570120371,0.981813906990542,0.7916674578094655,0.5557809711512871,36026418628
-275.2139892578125,137.78433227539062,-123.73896026611328,-0.20894855260849,0.42215201258659363,-0.8821157217025757,0.8692689538002014,-0.33306047320365906,-0.36529746651649475,273.490234375,-538.160400390625,557.1369018554688,0.6073618118999612,0.569066379414454,0.640549063039588,0.5712956790111102,0.6318754759507204,0.9544567154670118,0.8377765436509098,0.7194432026317882,0.8446033335421045,0.5736436798089458,0.9216122528878948,0.9603182633355145,0.5503235519691883,0.9915799760344624,0.9239647285480745,0.9655135700613109,0.5462011919724787,0.9608383750826345,0.6189656483528196,0.7507578388102747,0.9875848863111646,0.9353475389627924,0.5405607078303747,0.9391706445716941,0.6885640888437676,0.618929428295662,0.9979927689422287,0.6499532470443221,0.5518902212473975,36026418628
0.9417887330055237,172.79469299316406,42.862850189208984,-0.6515089869499207,0.17221468687057495,-0.7388356328010559,0.006020426284521818,-0.9726894497871399,-0.23203234374523163,-5.031451225280762,-3.7177369594573975,1.7639340162277222,0.6620967336110497,0.7026835749267176,0.8946737302826594,0.6619320354553996,0.6798830804940162,0.9960606507539775,0.5472671310970628,0.7683419321002568,0.980464853311638,0.8179574867050645,0.9475113202701902,0.9980202278129549,0.5450127605890668,0.7940932988764318,0.9912395512295499,0.8246577618766879,0.5538407106235036,0.9990761016772374,0.5624243050564762,0.7833673973622297,0.9850701954374346,0.8349915776646614,0.5439353063600967,0.9987889140116878,0.5988930276415011,0.7068407273594733,0.9808996704414279,0.7934840840224836,0.5556795620883586,36026427350
-272.4071044921875,132.93075561523438,-118.15184020996094,-0.17351755499839783,0.37788882851600647,-0.9094458222389221,0.830876886844635,-0.43958836793899536,-0.34118279814720154,321.818115234375,-556.4766235351562,640.5780029296875,0.6087836048230455,0.5749246060745002,0.6542259232871055,0.586420614697543,0.6136972309599117,0.953012403609097,0.8703559349635898,0.7031574901006166,0.8089928025773186,0.6059069413852314,0.9226716330574354,0.9210056447747795,0.5433461604016295,0.9994712017639549,0.9476841774718799,0.9997694960137612,0.5483318084574531,0.9440519947111048,0.6566052347660905,0.7105904589267056,0.9802956010280574,0.9405520858075611,0.5438361482367983,0.9243318046453802,0.6980048812195293,0.5945905252313127,0.9928823537542969,0.6886808392720768,0.543291353075605,36026427350
