Palm Normal x,Palm Normal y,Palm Normal z,Palm Direction x,Palm Direction y,Palm Direction z,Palm Center x,Palm Center y,Palm Center z,Palm Velocity x,Palm Velocity y,Palm Velocity z,Thumb Deviation 1,Thumb Deviation 2,Thumb Deviation 3,Thumb Joint Angle 1,Thumb Joint Angle 2,Index Deviation 1,Index Deviation 2,Index Deviation 3,Index Joint Angle 1,Index Joint Angle 2,Middle Deviation 1,Middle Deviation 2,Middle Deviation 3,Middle Joint Angle 1,Middle Joint Angle 2,Ring Deviation 1,Ring Deviation 2,Ring Deviation 3,Ring Joint Angle 1,Ring Joint Angle 2,Pinky Deviation 1,Pinky Deviation 2,Pinky Deviation 3,Pinky Joint Angle 1,Pinky Joint Angle 2,Time Stamp
-110.1492919921875,321.2824401855469,105.30380249023438,0.006720229983329773,0.6034691333770752,-0.7973580360412598,0.6957136392593384,-0.5755800008773804,-0.4297559857368469,-0.9447083473205566,8.695524215698242,3.722140073776245,0.6508225254517354,0.7220707044178761,0.8986726147606818,0.6320702464353356,0.6519884270440602,0.9034883291667298,0.717091002735306,0.5793080500970098,0.9796329134089271,0.8236786879755092,0.9986968203543011,0.5446474026566548,0.6997596896765937,0.995499534968706,0.6788268485636197,0.999979095451023,0.5718401877340387,0.7278340947634906,0.9998372954075998,0.7021665520925726,0.9988832533282785,0.6490337061630868,0.7597075762201237,0.9977761354853327,0.7408888465761225,705807444277
-110.149658203125,321.21002197265625,105.22521209716797,0.008565915748476982,0.5933013558387756,-0.8049348592758179,0.699650764465332,-0.5786707401275635,-0.41908109188079834,-0.042408037930727005,-8.33139705657959,-9.040569305419922,0.6500332932773842,0.7177196871511579,0.8926248224449359,0.6279578400104954,0.6503142997812735,0.900805197160411,0.7182986406864944,0.5813394137564344,0.9810489674019892,0.8256821405767164,0.9984585794596824,0.5444128625552389,0.6959450877092151,0.9944279235049479,0.6728597269367138,0.9999136248493381,0.5701009811597084,0.7238409080319584,0.9994876513100619,0.6961509228400572,0.9983360994650152,0.6444305746823883,0.7538623119096258,0.9986958615503335,0.7351980107040187,705807452970
-110.14108276367188,321.22283935546875,105.20336151123047,0.0075201974250376225,0.5941162705421448,-0.8043439984321594,0.7003107070922852,-0.5773011445999146,-0.41986700892448425,0.9858260750770569,1.4738187789916992,-2.5125739574432373,0.6497802438901372,0.7179272620620618,0.892756910057154,0.6279954211140389,0.6499813251261579,0.8997027729265928,0.7211805414969442,0.5813686378206665,0.9803465324710725,0.8285480927614317,0.9984897934453881,0.5444392232421607,0.696433085708844,0.9943247565217985,0.672721019180776,0.9999159273155236,0.5700579057085927,0.7243424221994298,0.9994620807600937,0.6963029427921668,0.9983619226877971,0.6445466266846853,0.7541882985405867,0.9987120138473791,0.7351054284077293,705807461669
-110.11483001708984,321.24017333984375,105.20121765136719,0.00697938259691,0.5943742990493774,-0.8041582107543945,0.6991314888000488,-0.5778685808181763,-0.42104992270469666,3.0247159004211426,1.9972455501556396,-0.24620123207569122,0.6496508724190491,0.7188548151998785,0.8940700507327242,0.6285388675078547,0.6501203295364386,0.8996786129181135,0.7211989981050263,0.5820504541391992,0.9801867975684918,0.8311038450437557,0.9985946013891165,0.5445027234937595,0.6969779824412974,0.994413803849864,0.6727814807831529,0.9999339226500268,0.5701746074934813,0.7253371008938286,0.9994909511612404,0.6970047909710545,0.9984552010116813,0.645040918296167,0.755047708960612,0.9986541452718297,0.7354212491479296,705807470349
-110.05888366699219,321.2660217285156,105.2214584350586,0.006323088426142931,0.5946907997131348,-0.8039296269416809,0.6988520622253418,-0.5776522159576416,-0.42181000113487244,6.406087875366211,2.9579615592956543,2.3171048164367676,0.6494079767670076,0.7197868010654163,0.8956019494759325,0.6293897573241104,0.6504336248603171,0.899907019036879,0.7204849127873857,0.5835525650664535,0.9802095937514547,0.8347026561335004,0.9987225121926434,0.5447416940816959,0.6982543883863622,0.9943030894617116,0.6725095813252543,0.9999507172357255,0.570531713176847,0.7269025982333562,0.9994691303733724,0.6974376471866762,0.9985685552577036,0.6460124638547572,0.7568016086923038,0.998643299008441,0.7357908297001018,705807479082
-109.9581527709961,321.3216247558594,105.3199462890625,0.006144450046122074,0.595504641532898,-0.8033283948898315,0.6965384483337402,-0.5789531469345093,-0.42384836077690125,11.741933822631836,6.481743335723877,11.480180740356445,0.6493403290714167,0.7202758578633894,0.8966391942512766,0.6298283282542747,0.6509253530810111,0.8990899730713788,0.7221701482024122,0.583313823182725,0.9797620667681185,0.8365501775039291,0.9987431201304121,0.5448388855540842,0.6987239547440465,0.9941757387622704,0.6722888057414799,0.9999514228831491,0.570645638049932,0.7275803900927206,0.999406340093375,0.6972599443615795,0.9985736924492794,0.6459370115517813,0.7574251969100964,0.9987371915783921,0.7356904317185536,705807487661
-109.82947540283203,321.3986511230469,105.42018127441406,0.006874510087072849,0.5951125025749207,-0.803613007068634,0.6950569748878479,-0.5806059241294861,-0.42401957511901855,14.850268363952637,8.88940715789795,11.567578315734863,0.649177981463201,0.7207598741485779,0.8986200076172318,0.6301004986976891,0.652487926001892,0.8985643646837205,0.7220796001528151,0.5848821007211237,0.9799118282847047,0.8406379865902788,0.998819023720044,0.5450321195569332,0.6998015092166118,0.9940069262460536,0.672021900414308,0.9999598336930605,0.5708835555851932,0.7288838265283628,0.9993513791022975,0.69742554596577,0.9986306179472274,0.6462555515444315,0.7586431276646057,0.9987881364780716,0.7358856559443641,705807496326
-109.71037292480469,321.5395202636719,105.5033187866211,0.006607912015169859,0.5955791473388672,-0.8032694458961487,0.6957919597625732,-0.5796821713447571,-0.42407795786857605,13.719722747802734,16.22726058959961,9.5769624710083,0.6490934537687769,0.7215345661413854,0.9002929669126161,0.6304543984499555,0.653350750783401,0.8968520838825991,0.7245530808166563,0.5859328359588599,0.9795252153739499,0.8460486687798021,0.9988199951509452,0.5451924185867116,0.7008889256203631,0.9937784258395868,0.6721668229236442,0.9999564759064359,0.5711643462521958,0.7296234116008284,0.9992831108301103,0.697402899841507,0.9986434902747545,0.6467739894339337,0.7596157582918518,0.9988230588182273,0.7362288639530693,705807505007
-109.62928009033203,321.6843566894531,105.61734771728516,0.006841209251433611,0.5958357453346252,-0.8030771613121033,0.6966719031333923,-0.578960120677948,-0.4236193895339966,9.310604095458984,16.628732681274414,13.091943740844727,0.6490321296445579,0.7221791418027489,0.901766461324559,0.6306387768245122,0.654184376147123,0.8951336424092707,0.7279051009082338,0.5866999685848695,0.9787562406363748,0.8515570699945605,0.9988368595827033,0.5453683715383134,0.7012857791663886,0.9936033499248577,0.6717146788103705,0.9999574251222864,0.5714747463733841,0.7303072367763437,0.9992180331210039,0.6971703995014218,0.9986827067961392,0.6473648031880297,0.7606680002115672,0.9988580763119289,0.736308276190888,705807513717
-109.53661346435547,321.8741455078125,105.7433090209961,0.0073298197239637375,0.5967562198638916,-0.8023890852928162,0.6971797943115234,-0.5782803297042847,-0.4237124025821686,10.727256774902344,21.969924926757812,14.582222938537598,0.6487973284485404,0.7219607406897478,0.9023946624557715,0.6301546115042814,0.6550674031294091,0.8932286891725959,0.7315435669201387,0.5879888015979838,0.9781140205046388,0.8573094546758848,0.9988356563614211,0.5455338198939221,0.7023534744298418,0.9932666209316471,0.6715279589225838,0.9999486899757466,0.5716076611995353,0.7309738720276172,0.9990702798969343,0.6966838052144525,0.9986314517937366,0.6472881865539644,0.7612607931762202,0.9989939935227365,0.7362515279305899,705807522355
-109.45108032226562,322.0314636230469,105.8405990600586,0.007717906031757593,0.5966242551803589,-0.8024836182594299,0.6962971687316895,-0.5791929364204407,-0.42391717433929443,9.889887809753418,18.191505432128906,11.249200820922852,0.6486701009220321,0.7211323475271149,0.9023104794945084,0.6292892142553137,0.6560276599206538,0.8912060697797278,0.7361239357107688,0.588387707905148,0.9771553695971906,0.8618482599678862,0.9988266490344808,0.5456997637168676,0.703607895543021,0.9928676178350698,0.6714121804352517,0.9999375285042752,0.5717347582854172,0.7319191056755907,0.9988982193345556,0.6964575345455956,0.9985567771377339,0.646936468204003,0.7616965702251016,0.9991351356034681,0.7363164085594869,705807531004
-109.3860855102539,322.24285888671875,105.89763641357422,0.008292540907859802,0.5966808795928955,-0.8024357557296753,0.6945865750312805,-0.5807179808616638,-0.4246363937854767,7.477085113525391,24.31833839416504,6.561750411987305,0.6487488546804752,0.71994472780732,0.901815816742212,0.6282251728761411,0.6571635123260277,0.8890452125557426,0.7406138288904496,0.5886365155140765,0.9763218135096338,0.8658553133583345,0.9988097857338895,0.5458251821345173,0.7048966461382963,0.9924386194313721,0.6713587261475431,0.9999236410888954,0.5716429962543912,0.7328746187488763,0.9986995193709776,0.6963506108567212,0.9984504013274351,0.6459465728976822,0.7619790012903093,0.9993004689421716,0.7365750350329968,705807539696
-109.36534881591797,322.4114990234375,105.98265075683594,0.008417226374149323,0.5964592695236206,-0.8025991916656494,0.693832278251648,-0.5814661979675293,-0.4248456358909607,2.3834388256073,19.379703521728516,9.769832611083984,0.6489081762338431,0.7194772849194077,0.9016637198395214,0.6275110800584822,0.6577633139911059,0.8877138415258953,0.7425681631547497,0.588465431377441,0.976070084574803,0.8675509208975155,0.9987820583583341,0.5459114338538428,0.705355711403113,0.9922203466330899,0.671292552708082,0.999912955320461,0.5716512715565687,0.7332336490801954,0.998597816255665,0.6962694643340168,0.9983722042961081,0.6453706530450951,0.761949567649337,0.9993652453398245,0.7369492575567532,705807548398
-109.29464721679688,322.4978942871094,106.03365325927734,0.008205140940845013,0.5961474180221558,-0.802833080291748,0.6948152184486389,-0.5807883739471436,-0.42416587471961975,8.154232025146484,9.96481990814209,5.882215976715088,0.6489498897379262,0.7190670351655045,0.9018569582978225,0.6266342028472223,0.6586171707405849,0.8861685809747034,0.7447732684857886,0.5887771037772119,0.9757973773717846,0.8704128243910457,0.9987720169599559,0.5460695742824953,0.7057443445566932,0.9920025641847239,0.6709911498025399,0.9999003068926131,0.5717589837425466,0.7336049838064093,0.998503298233867,0.6962589052623905,0.9983031112234666,0.6451744099932213,0.7620091903208246,0.999403365106977,0.7373513925380049,705807557068
-109.208740234375,322.6220703125,106.12056732177734,0.008094072341918945,0.5959947109222412,-0.8029475808143616,0.6946780681610107,-0.5809295177459717,-0.4241972267627716,9.959403991699219,14.39884090423584,10.07547664642334,0.6489947533307722,0.7183883510933219,0.9015897757178716,0.6258825906147087,0.6592953939594989,0.8849977098296976,0.7462126731141575,0.5881339096436832,0.9757467339342647,0.8705202501999713,0.9987456339044192,0.5461289780133877,0.7058906691221012,0.991823430463934,0.6707653016101377,0.9998836110614796,0.5716772939401097,0.7333441192805643,0.9984021125029587,0.695782604381821,0.9981875717477303,0.6444143155951834,0.761359882687035,0.9994713789740578,0.7372426776406075,705807565694
-109.1766357421875,322.76971435546875,106.20624542236328,0.008691463619470596,0.5975162386894226,-0.8018097281455994,0.6927824020385742,-0.5818222165107727,-0.42606979608535767,3.70344614982605,17.02861976623535,9.8826904296875,0.6493154962714887,0.7180200857638586,0.9012682757775273,0.6254332260898511,0.6596987866682369,0.8849018431691625,0.7455379625471603,0.5880071468740251,0.9761970993069841,0.8692677885870145,0.998683669632039,0.5460542626118091,0.7058370331934505,0.9917230299468698,0.6709207873656684,0.9998612427499969,0.5714757511804301,0.7327482961642863,0.9983135297739958,0.6952576700526099,0.9980368685327027,0.6434001131109574,0.7603920764517459,0.9995456377008373,0.7370584023263324,705807574364
-109.11392974853516,322.8716735839844,106.26647186279297,0.009158100001513958,0.5988608002662659,-0.8008008003234863,0.6910279989242554,-0.5826334953308105,-0.4278065860271454,7.2114081382751465,11.72377872467041,6.926706314086914,0.6494580346170158,0.7170603483600969,0.900986068486992,0.6246433167235386,0.6608699964986942,0.885560000399478,0.7430971615282361,0.5894444795059016,0.9770691953205749,0.8692808734723967,0.9987190758497306,0.5462691464610329,0.7068559661823758,0.9913985877698673,0.6705661503894953,0.9998674339673677,0.5716086812878066,0.7337482917085751,0.9981860854511707,0.6951701893551201,0.9980425423572272,0.6433054676396551,0.7614108111079507,0.9995880173333965,0.7377188217288233,705807583059
-109.01958465576172,322.9581298828125,106.31775665283203,0.010034630075097084,0.6006527543067932,-0.7994470000267029,0.6856650114059448,-0.5860676765441895,-0.4317269027233124,10.888287544250488,9.97829532623291,5.918687343597412,0.6498521564043083,0.7154769411746402,0.8999731156506234,0.6235591286507142,0.6622908981100888,0.8871888126360133,0.739431343105164,0.5901508008898089,0.9781032076964882,0.8662139530732794,0.9987519190395281,0.5463089368316185,0.7079063068817024,0.9912428319153186,0.6708510206691913,0.9998782922121418,0.5714842095466379,0.7346740062998569,0.9980918634557456,0.6952965128177707,0.9980221071649185,0.6425726133360627,0.7619327780716174,0.9996365191079654,0.7383588899325693,705807591724
-108.90693664550781,323.0628356933594,106.33407592773438,0.014624535106122494,0.6091445684432983,-0.7929243445396423,0.6579775810241699,-0.6029797196388245,-0.45108869671821594,12.86528205871582,11.957964897155762,1.863653302192688,0.6521455040438351,0.7096212392044403,0.894065820097473,0.6178872963277143,0.665999357844905,0.8965960299248682,0.7122926908989241,0.5946132484162397,0.9847831281557812,0.8503011937619687,0.9989447586951644,0.547836691905556,0.7065785558646577,0.9900452403731206,0.6640544853911826,0.9998883692623337,0.5721034600967699,0.7338926552999921,0.9973677718126018,0.6894837869409888,0.9979697304344708,0.6394179481644571,0.7599443767776625,0.9998025691899598,0.7352937479550621,705807600480
-108.88982391357422,323.1990661621094,106.40480041503906,0.015517148189246655,0.6109257936477661,-0.7915357947349548,0.6539055705070496,-0.6050757169723511,-0.45419251918792725,1.9933525323867798,15.8701810836792,8.238158226013184,0.6521649116913267,0.7094166395305551,0.8943471323330431,0.6183850589223955,0.6666734639880015,0.898942700956923,0.7078594819818129,0.5936141673463745,0.9855419141923613,0.8438253470029772,0.9989573047055486,0.5478270335569422,0.7081271992957654,0.9900276829809587,0.665353912196728,0.9999073663044812,0.5721569691330904,0.7355660964839547,0.997369026019834,0.6906275689116224,0.9980726319550011,0.6397511503217614,0.7620537776698649,0.9997878352537343,0.7372218491190585,705807609065
-108.87625885009766,323.2548828125,106.45052337646484,0.015347152017056942,0.6110687255859375,-0.7914287447929382,0.6535797119140625,-0.605147659778595,-0.45456552505493164,1.557884693145752,6.414085865020752,5.2538065910339355,0.6521335209320297,0.7097464098232825,0.8947885365287913,0.6191022002058253,0.6666646701313071,0.9009591197939162,0.7047518512153816,0.5942464314331226,0.986033657010586,0.8408116197557718,0.9989613935346474,0.5476541258214694,0.7093506292018948,0.990123226374078,0.6668044153516,0.9999140238065009,0.572052487240837,0.7366437383629385,0.9973914837508399,0.6917202119588407,0.9980881051283291,0.6396498533970527,0.7630438521288236,0.9997922906348888,0.7383699253943773,705807617768
-108.88150024414062,323.33819580078125,106.49602508544922,0.014870627783238888,0.6106047630310059,-0.7917958498001099,0.6551963686943054,-0.6041359305381775,-0.4535829722881317,-0.6041823625564575,9.60587215423584,5.246352195739746,0.6521007391859093,0.7099152851317213,0.8950397432983058,0.619534414365652,0.6666744570540547,0.9019060057864211,0.7039002184574914,0.5943212497283888,0.986120804382814,0.839039855085324,0.9989409789893348,0.5474491352617695,0.7100285870822161,0.9902280596149569,0.6679865241428683,0.999914983645823,0.5719339470549872,0.7373346901139989,0.9974376416861301,0.6927327719850744,0.9980856169106185,0.6396686479860592,0.7636477437144114,0.9997879584063918,0.7392737282688528,705807626440
-108.8475341796875,323.35455322265625,106.51565551757812,0.014536532573401928,0.609653890132904,-0.7925344705581665,0.6584473848342896,-0.6023339629173279,-0.451265811920166,3.925755500793457,1.8901013135910034,2.268584966659546,0.6519769610311447,0.710407302110235,0.8955023124604707,0.6200455421589539,0.6663628060550537,0.9013927682485937,0.7057162036847877,0.593387617147985,0.9857274964114842,0.8386666885288773,0.9988715505535543,0.5473303416848513,0.7099467912201268,0.9901786771674008,0.6683871552611982,0.999905178660773,0.5720047151934992,0.7375687245967988,0.9974300460629695,0.6931870999887603,0.9980624896044369,0.6400151282185648,0.7640205595323781,0.999786329215528,0.7397399993784638,705807635093
-108.82250213623047,323.4098205566406,106.5522689819336,0.014431851916015148,0.6085404753684998,-0.7933915853500366,0.661958634853363,-0.6005074381828308,-0.44855502247810364,2.8491697311401367,6.292316913604736,4.168685436248779,0.651770483338922,0.7106081148360577,0.8953459042802416,0.6205611578268551,0.6656538214085165,0.900477903633532,0.7080533359239621,0.5926487719027498,0.9853066828428982,0.839118446500807,0.998794586816121,0.5472463984149833,0.709836809708396,0.9900230301987842,0.6685091454450038,0.999892297966381,0.5719778208644722,0.7377918330134151,0.9973357266057106,0.6932888927231056,0.9980148967751347,0.6398485169221869,0.7643013021048355,0.9998245914156793,0.739706015823392,705807643877
-108.79232788085938,323.43621826171875,106.54037475585938,0.014729552902281284,0.6067718267440796,-0.7947396039962769,0.6653217077255249,-0.5992790460586548,-0.44520968198776245,3.532874584197998,3.090017080307007,-1.392459511756897,0.6515603592906577,0.7110668914042269,0.8956649613312683,0.6210935992664008,0.6651433140280463,0.8997343863727917,0.7099708880701416,0.5924429302455722,0.984931035147377,0.8403587841700734,0.9987619587494347,0.5471876520567149,0.7095057504833784,0.990001329618993,0.6684183028699242,0.9998871411363138,0.5719907540743402,0.7379100418896724,0.997312760517132,0.693418898550216,0.9980006818589269,0.6399629194665954,0.7645740235755104,0.9998449163294743,0.7395350433018653,705807652419
-108.76272583007812,323.4007873535156,106.52891540527344,0.014885300770401955,0.6053937077522278,-0.79578697681427,0.6675657033920288,-0.5985338687896729,-0.44284677505493164,3.411794900894165,-4.082233428955078,-1.3207225799560547,0.6514649489410816,0.711287781833948,0.8956057162448008,0.6214196126285262,0.6646391828282414,0.8987728706390214,0.7125455702167586,0.5916244577979058,0.9843918220804242,0.8410715916713081,0.9987355655303912,0.5471532566685667,0.7090780168904398,0.989976432460557,0.6681666896379065,0.9998830826779759,0.5719723669971674,0.7377441310401847,0.997319642046655,0.6934117235542547,0.9979820210863606,0.6400516577674258,0.7646738619525624,0.9998528468478783,0.7395357497053695,705807661096
-108.74501037597656,323.3836669921875,106.5283432006836,0.01493510790169239,0.6031677722930908,-0.7974745035171509,0.6708191633224487,-0.5974801182746887,-0.43933942914009094,2.0369393825531006,-1.970463752746582,-0.06575136631727219,0.6512553876053363,0.7118881122908864,0.8962007427086138,0.6219169430989162,0.664264331515144,0.897454583325422,0.7154024585007156,0.59103163465068,0.9838221919942783,0.8428968684899905,0.9986798800697463,0.5470919729418334,0.7084137316330317,0.9899941958951387,0.6680266267700623,0.9998693157013019,0.5720137395728863,0.7373536107657619,0.997356355135258,0.6935432340443864,0.9979411570272789,0.640290058909359,0.7643373604518526,0.9998474701820008,0.7394097309796168,705807669793
-108.69697570800781,323.30908203125,106.46343231201172,0.01516409870237112,0.6005041003227234,-0.7994778752326965,0.674054741859436,-0.596710205078125,-0.435416042804718,5.5482869148254395,-8.615690231323242,-7.498310565948486,0.6511463298335454,0.7126531746702156,0.8968058425548497,0.6226339805853324,0.6637460881254441,0.8965436994422271,0.7175436688478721,0.590494343890091,0.9833421284829578,0.8441456228045205,0.9986462355480233,0.5470218113536629,0.7076705320258255,0.9900860562674639,0.6678470608434627,0.999861208556773,0.5720652457271782,0.7370673174577533,0.9974213929339367,0.6937833880293399,0.9979169887744653,0.6405381686358252,0.7639350613541575,0.9998415986970741,0.7390556180042763,705807678450
-108.62770080566406,323.290771484375,106.43052673339844,0.015973912551999092,0.5979957580566406,-0.8013401031494141,0.6758392453193665,-0.5970964431762695,-0.4321078360080719,7.8833723068237305,-2.0834035873413086,-3.7445080280303955,0.650904561462198,0.7131166429369462,0.8973086352912737,0.6231252683528744,0.6634450809352899,0.8962726986269747,0.7182668241487353,0.5898748752878381,0.9831406423124432,0.843865384255935,0.9986297069513651,0.5469544544414183,0.7068038142718395,0.9901399770771595,0.6673329849023885,0.9998564585241846,0.5720279936742485,0.7365422398729767,0.99742230060899,0.6933886957656573,0.9978948397262313,0.6404362452194523,0.7632375809809168,0.9998553583074824,0.738015312353785,705807687238
-108.58345794677734,323.2213134765625,106.383056640625,0.016528623178601265,0.5958181023597717,-0.8029493093490601,0.678436279296875,-0.5965890884399414,-0.4287256598472595,5.183473110198975,-8.139983177185059,-5.562620162963867,0.6508245669369899,0.7140475597682615,0.8982999196373177,0.6237333010143155,0.6631965443791881,0.895170149023011,0.7198636660183372,0.5889010964541499,0.982917434594306,0.8440352983234126,0.9985693645374746,0.5468091690025257,0.7054846848771502,0.9902918130105853,0.6669974748847426,0.9998428834536163,0.5719968160469975,0.7357092289176318,0.9975031816273585,0.6933276304444569,0.9978690219722185,0.6406685190755252,0.7624533366479446,0.9998405347844003,0.7374395433001456,705807695772
-108.51329040527344,323.1519775390625,106.33492279052734,0.01713060960173607,0.5938119888305664,-0.8044214844703674,0.6805976033210754,-0.5963025093078613,-0.4256879389286041,8.074135780334473,-7.977190971374512,-5.538029670715332,0.6508265948692121,0.7147887663207588,0.8989718369295695,0.6243477679448463,0.6629113726908472,0.8942723214451752,0.7212902198497706,0.5878845070570434,0.9826943498309834,0.8437691622858307,0.9985082481592402,0.5466422691749963,0.7041510793294015,0.9904223970717999,0.666604775068034,0.9998289082304059,0.5719244518073507,0.7350500437019544,0.9975573989149707,0.6933262729860186,0.9978335900545067,0.6407632980962565,0.7617242736936504,0.9998336928485598,0.7369015543515797,705807704463
-108.43138122558594,323.0466003417969,106.23200225830078,0.018076101318001747,0.5921466946601868,-0.8056274056434631,0.6818022131919861,-0.5966587662696838,-0.42325419187545776,9.355195999145508,-12.034045219421387,-11.755942344665527,0.650778871107446,0.715111526871578,0.8993127029953792,0.6245243346142536,0.6628150133035018,0.8936413123799088,0.7227429725715673,0.5875154322447703,0.9824278194596909,0.8442058818163487,0.9984697824820273,0.546507643829681,0.7033354513990132,0.9904774131380543,0.6663230459708549,0.9998173389672136,0.5717874828868953,0.734799800280357,0.9975417230435792,0.6933228787563128,0.9977793118684304,0.6404762478563606,0.7611396459168971,0.9998559782164206,0.7361952508572408,705807713218
-108.30057525634766,322.90625,106.09654235839844,0.01918807439506054,0.5900247693061829,-0.8071570992469788,0.6828030943870544,-0.5974578261375427,-0.42050451040267944,15.228191375732422,-16.33838653564453,-15.769481658935547,0.6506520019748897,0.7153778631081616,0.8994751804933615,0.6247163264899409,0.6625067743547346,0.8932812156567034,0.724101207458731,0.5867329260678923,0.9819918683720119,0.8442003935888963,0.9985118879520399,0.5464415171034765,0.7024754148248771,0.9906572664951107,0.665758285023693,0.9998257092793104,0.5716974852033386,0.7346181975887552,0.9975957499158212,0.6933242803649,0.9977998497454611,0.6404201527635581,0.7607783637596309,0.9998605193916814,0.7354556638067601,705807721808
-108.13912963867188,322.7869873046875,105.97012329101562,0.02083216793835163,0.5884882807731628,-0.8082373142242432,0.6821828484535217,-0.599351704120636,-0.41881272196769714,18.636362075805664,-13.766854286193848,-14.592341423034668,0.650658977535496,0.7157190202987366,0.8995765380683562,0.624859726310285,0.6621321480628239,0.8932919684344891,0.7255886843946836,0.585563795949144,0.9813844089251085,0.8431162687751627,0.9985127987190275,0.5462417894294879,0.7013534993845997,0.9909287442566508,0.665554520801082,0.9998337438685668,0.5715302306230964,0.7341199364221404,0.9976599063637489,0.6931130181720264,0.9978179769198671,0.6401952812278304,0.7601967211750262,0.9998658994127438,0.7345476040401716,705807730471
-107.9901351928711,322.657958984375,105.85315704345703,0.022392481565475464,0.5869626998901367,-0.8093042373657227,0.6828032732009888,-0.6002771854400635,-0.41646966338157654,17.25226402282715,-14.940714836120605,-13.543947219848633,0.6507236748019671,0.7162870185237402,0.8998945045305977,0.6251619042714283,0.6617370470853252,0.8929037593388995,0.7272110562997975,0.5845756585239694,0.9808234961367525,0.8429868798745007,0.9984679127917206,0.5461432002164716,0.7001754281585051,0.9910401589414648,0.6651112379399402,0.9998306514244785,0.5716011665561153,0.7338374518481118,0.9976925027488228,0.6930352559303455,0.9978422070933095,0.6406211024085481,0.7601322908888152,0.9998619953226057,0.7340022332550545,705807739107
-107.7727279663086,322.5579528808594,105.7323226928711,0.023458320647478104,0.5874351859092712,-0.8089311718940735,0.6831461787223816,-0.6001868844032288,-0.4160371720790863,24.83209800720215,-11.425164222717285,-13.802130699157715,0.6507688058391788,0.7166255106703883,0.9000989872874132,0.6252863199197332,0.6615284923563658,0.8925868777013012,0.7287801119369646,0.5835987580392306,0.9803187789399964,0.8423504209371407,0.9984799053623857,0.5461053257687646,0.6992965690065965,0.9910584222896457,0.6642820463364347,0.9998375343480306,0.5715923437893565,0.7334092935564056,0.9976480097943607,0.6921801667717764,0.997868230428019,0.6408069015305341,0.7601104251739386,0.9998815283147247,0.7329876777688594,705807747862
-107.59870910644531,322.5087585449219,105.65071105957031,0.023877035826444626,0.5897960662841797,-0.8071991801261902,0.6824953556060791,-0.5996119976043701,-0.41793009638786316,20.13656997680664,-5.69066047668457,-9.443232536315918,0.6507657667938508,0.7161221581214615,0.8995747316479437,0.6250841815604863,0.6616200580165117,0.8919892583215892,0.7319114525795037,0.5817060460435103,0.9793447491088159,0.8406492168742642,0.9985189584586722,0.5461033697154738,0.6989599770042896,0.9909573535857272,0.6634373157789434,0.9998478218490143,0.5714900400683998,0.7333873798212726,0.9974767705084157,0.6909990949584502,0.9978750664513149,0.6405332551725316,0.7604001913414107,0.999927577330674,0.7318500756784346,705807756504
-107.40785217285156,322.3982238769531,105.58647918701172,0.024601856246590614,0.5921681523323059,-0.8054388165473938,0.6815780997276306,-0.5993351936340332,-0.41981977224349976,22.054235458374023,-12.774832725524902,-7.422423362731934,0.650639073182491,0.7157008647118465,0.8993365443372979,0.6249272048542834,0.6618440141502576,0.8907565235808321,0.7357999629413553,0.5795855670918906,0.978301460896535,0.8391622656238279,0.9985336160913414,0.5461388556729525,0.6985504802514689,0.9907916091616633,0.6624925131912129,0.9998525494720103,0.5715535681199323,0.7331265973307605,0.9973049518849254,0.6896276458909382,0.9978871887507673,0.6406015105029357,0.7605705404216013,0.9999520158299314,0.730797356216601,705807765158
-107.20987701416016,322.3536682128906,105.51715087890625,0.025163816288113594,0.5948063731193542,-0.8034750819206238,0.679935872554779,-0.5993749499320984,-0.42241790890693665,22.76613998413086,-5.123032569885254,-7.972832202911377,0.650558446118234,0.7153863399932201,0.899085945002221,0.6248928296215388,0.6619316691485242,0.889368047290235,0.7398745501347114,0.5767091614697247,0.9771224004140445,0.8364853402778536,0.9984654703876652,0.5460764836130956,0.696899041126012,0.9907250247184644,0.6612603754444122,0.9998475880953769,0.5715514449814959,0.7320068086822765,0.9972023991692989,0.6880513298566809,0.9978878892665771,0.6406469936650028,0.7601705991056366,0.9999584814156679,0.7298808270070404,705807773854
-107.06172180175781,322.2851257324219,105.48674774169922,0.02492801658809185,0.5971851348876953,-0.8017159700393677,0.6809022426605225,-0.5973235368728638,-0.42376500368118286,17.177427291870117,-7.945152759552002,-3.5243616104125977,0.6502427242756937,0.7150941290787322,0.8995549972803031,0.6249304886438212,0.6626827899130274,0.886899216278064,0.7444805914955319,0.5746676046904108,0.9761888367637435,0.8363762446476419,0.9984260543399915,0.5462488669908245,0.6961721032432875,0.9902861042119179,0.6595886078697076,0.999838658018019,0.5717246663697432,0.7312686147304498,0.9969439995970665,0.6860538976219863,0.9978973512105971,0.6409459341494411,0.7604061608845121,0.9999771591876315,0.7286919801534717,705807782479
-106.89204406738281,322.2764587402344,105.45328521728516,0.024636780843138695,0.6010997891426086,-0.798794150352478,0.6793212294578552,-0.5962795615196228,-0.42775383591651917,19.528034210205078,-0.9984469413757324,-3.8518474102020264,0.6500361731019461,0.713677239223764,0.8991052230966118,0.6241961848672212,0.6640633322250589,0.8858343745633908,0.7477370917373167,0.5739307556426307,0.9753546839500651,0.8366002000626719,0.998513642678561,0.5464631152437799,0.6965848882979391,0.9899461956968119,0.6584227043276267,0.9998588825803914,0.5716932455865292,0.7316794836389179,0.9966991423389582,0.6848220473174375,0.9979598297273147,0.6406248073226739,0.7614738025372999,0.9999927058140952,0.7283896188551804,705807791168
-106.72987365722656,322.257568359375,105.42756652832031,0.024448784068226814,0.6034942269325256,-0.7969924807548523,0.6803268790245056,-0.5941908955574036,-0.42906004190444946,18.651275634765625,-2.1724326610565186,-2.9577572345733643,0.6496603353120963,0.713607889999242,0.8995331314814795,0.6245798254808148,0.664376629825047,0.8857957196273857,0.7473963431836015,0.5738629288907754,0.9754439843352563,0.8367524177061898,0.9985743623425382,0.5466833422704064,0.6964565374199417,0.9897553041614389,0.6573031271800887,0.9998744848523944,0.5718493630730497,0.7315307064894556,0.9966233319019386,0.683824197257547,0.9980722005499718,0.64125946434559,0.7624516132373971,0.9999902742870919,0.7284339191730468,705807799863
-106.53933715820312,322.21734619140625,105.38546752929688,0.02497451938688755,0.6044251918792725,-0.7962703108787537,0.6811946630477905,-0.5932648777961731,-0.4289645552635193,21.910940170288086,-4.625046253204346,-4.841099262237549,0.649523908357548,0.7140285013322849,0.8999046869399339,0.625153747549547,0.6640821038611026,0.886088807193473,0.7462167971734464,0.5731453699164636,0.9757061718260397,0.8347381678011564,0.9985802830600173,0.5467300359879029,0.695239996830769,0.9898215997857758,0.656277696730997,0.9998815520507083,0.571946149639528,0.7306535495690626,0.9966771174016531,0.6829444748715489,0.9981276024358885,0.641803135569642,0.7624400410490825,0.9999840295399021,0.7280295838106294,705807808559
-106.40506744384766,322.1199645996094,105.36192321777344,0.026225723326206207,0.6043553948402405,-0.7962830662727356,0.6819396615028381,-0.5932502150535583,-0.42779961228370667,15.569019317626953,-11.292263984680176,-2.7301199436187744,0.6493582455220038,0.7145283578950621,0.9004887661409036,0.6256862255812831,0.6639230571813918,0.8868479678414634,0.7445067175209082,0.5729907182912184,0.9760011501691404,0.8334721222234045,0.9986057548494226,0.5466729447600441,0.6944924142111328,0.990094377625984,0.6561313112937547,0.9998928390068007,0.5719362167541979,0.7302325704298451,0.9968394961346333,0.6830014476673844,0.9981841334941384,0.6420182831013307,0.7622397144117508,0.999971903316861,0.7279849136419371,705807817183
-106.28418731689453,322.1085205078125,105.3476791381836,0.027562662959098816,0.6043463945388794,-0.7962448000907898,0.6814920902252197,-0.5941020250320435,-0.42733046412467957,13.90091323852539,-1.3157416582107544,-1.6378562450408936,0.6493997541680998,0.7152582313713147,0.9013860018321774,0.6264434197024055,0.6639871735893459,0.8882595929032816,0.7414515868866257,0.5731903105526435,0.9765892734698389,0.8317685290329149,0.9985882684353561,0.5465605762031864,0.6938635458294653,0.9903528797718248,0.6563823221560237,0.9998997117128395,0.5719291339622081,0.729764826714282,0.9969928771320041,0.6830956729077508,0.9982213229257332,0.6421389495390344,0.7619284748284754,0.9999561181384141,0.7280541014496985,705807825879
-106.1826171875,322.077392578125,105.33979034423828,0.028471123427152634,0.6037233471870422,-0.7966853380203247,0.6821549534797668,-0.5943077206611633,-0.4259846806526184,11.705355644226074,-3.5880768299102783,-0.9096189141273499,0.6494364659219596,0.7160730778084302,0.9024532767552335,0.6272504868494266,0.6641500813920065,0.8891096221737251,0.7395521107729455,0.5732768115632808,0.9768408377111348,0.8314676131188676,0.9985577313926681,0.5464394221417146,0.6935005307946199,0.9906467743431019,0.6570736989963487,0.9999048772091755,0.5718978628864024,0.7295886627890064,0.997206602227149,0.6838760631547613,0.9982718585789877,0.6424040781213823,0.761810455897159,0.9999222337073,0.7287041389724027,705807834556
-106.06161499023438,322.0946350097656,105.3336181640625,0.029349781572818756,0.6045633554458618,-0.7960161566734314,0.6822419762611389,-0.5941367149353027,-0.42608386278152466,13.814483642578125,1.967613697052002,-0.7045974135398865,0.6495174229215371,0.7165883531401516,0.9036112696626523,0.6274892727202058,0.6649154755383568,0.889881497950064,0.7381686271286705,0.5735179920923906,0.9769982611207733,0.8313010813619953,0.9985244612802099,0.546320540093021,0.6929583745251322,0.9908262639508368,0.6573274215257786,0.999903200417558,0.571776016347499,0.7292823852303215,0.9972940734228489,0.6841550703091817,0.9982633444557552,0.6422313645167493,0.7614721165195,0.9999061520237987,0.7290906958492737,705807843315
-105.94416046142578,322.0981140136719,105.31982421875,0.030306467786431313,0.6047030091285706,-0.7958742380142212,0.6836557388305664,-0.5934056639671326,-0.4248346984386444,13.640087127685547,0.40412646532058716,-1.601851224899292,0.6495514812810727,0.7172304440131981,0.904655259807835,0.6280780770150362,0.6653136288986088,0.8899930645329202,0.7375060028704038,0.5739365265181005,0.9771835339819132,0.8321516276664224,0.9985273373094109,0.5462083092764047,0.6931239574077374,0.9910125552444334,0.6580234553455387,0.9999019764437638,0.5715673273278467,0.7295657223376711,0.9974214469555571,0.6853046282219185,0.9982509954554235,0.6420412390096677,0.7615360763119055,0.9998835137838142,0.7302228294865818,705807851926
-105.90965270996094,322.1518249511719,105.31448364257812,0.031275734305381775,0.6044163107872009,-0.796054482460022,0.6845940351486206,-0.5932508707046509,-0.4235379695892334,4.006100654602051,6.234272003173828,-0.6195570826530457,0.6496532907105814,0.7178805489645975,0.9054719264237987,0.628562218644223,0.665473401862042,0.8897705339292654,0.7377840949115283,0.5740194463886874,0.9771048469994911,0.8330722987420618,0.9984594684083191,0.5460473357000186,0.692422053103645,0.9912219664958929,0.6584703975370585,0.9998967576106736,0.571416326011318,0.7293558686116889,0.9975519787302567,0.6860634383710241,0.9982428013530237,0.641909032666664,0.7613154629079203,0.9998560926009997,0.7309723714922157,705807860541
-105.8533706665039,322.16033935546875,105.30863189697266,0.032426197081804276,0.603614330291748,-0.796616792678833,0.6864418983459473,-0.5927702188491821,-0.42121368646621704,6.492767333984375,0.9847325086593628,-0.67476886510849,0.6497263202333223,0.7186565885326026,0.906679306553538,0.6289963590666361,0.6659351767771584,0.8883785309883538,0.7397610170743829,0.5738339013439937,0.9768703393328472,0.8348269634366771,0.9983150918415983,0.5458984021837936,0.6913691520253726,0.9912685721241492,0.6586128180297366,0.9998697906618357,0.5713619062648969,0.7287854096787336,0.99758865923358,0.6864402538663177,0.9981623214101446,0.6419667201320602,0.7607236121505184,0.99984687002157,0.7311674510557099,705807869209
-105.84976959228516,322.20208740234375,105.27388763427734,0.033417511731386185,0.603023111820221,-0.7970234751701355,0.6876369118690491,-0.5925880670547485,-0.4195173680782318,0.41123253107070923,4.768155097961426,-3.970203399658203,0.6498558072675494,0.7191684011620064,0.907579706665538,0.6293602910027756,0.6664461219050826,0.8877517720490417,0.7409767149714482,0.5735257093194213,0.9766302933645863,0.8352407073305382,0.9982177626288469,0.5457562083495657,0.6903371992003157,0.9913762132653654,0.6586220234317206,0.9998550873934126,0.5712749921050404,0.7283919609737982,0.997637718647672,0.6867429637342002,0.9981128658389945,0.641916467378876,0.7602500047577357,0.9998410056278791,0.7312130917155067,705807877962
-105.84009552001953,322.253662109375,105.28604888916016,0.03466791659593582,0.6022308468818665,-0.7975689172744751,0.687947154045105,-0.5932595133781433,-0.41805726289749146,1.1245957612991333,5.992143154144287,1.4137729406356812,0.6499462846899028,0.7194350416074679,0.9081394004055797,0.6296121871500211,0.6668483204583888,0.8873666314075871,0.740622446258633,0.5743070750889494,0.977036361055539,0.8365866453839147,0.9981705959606442,0.5456925521271836,0.6899531720219894,0.99135613943383,0.658528323374311,0.9998419476205082,0.571172373142041,0.7282650659079586,0.9976193531114749,0.6868834133352445,0.9980458862455805,0.6415617013198227,0.7598696081794085,0.9998590320147936,0.7311004569934667,705807886567
-105.84249877929688,322.2958984375,105.25724792480469,0.03539390116930008,0.6015621423721313,-0.7980415225028992,0.6879405975341797,-0.5938944220542908,-0.4171656370162964,-0.2764161229133606,4.850536823272705,-3.306973695755005,0.6500631918159364,0.7195664238051299,0.9085717784265196,0.629708681267053,0.6673068847087279,0.8870872081541757,0.7404847844005386,0.5745725964197089,0.9772484653923382,0.8370963785790899,0.9981298436285766,0.5456554024023772,0.6894096841117691,0.9913550585440575,0.6582797436168605,0.9998340394101941,0.5711131714360095,0.7280565948665495,0.997638141166758,0.6869978557487507,0.9980105088857972,0.6414137511731955,0.7594900449077305,0.9998590265911362,0.7310467264831123,705807895277
-105.82925415039062,322.35443115234375,105.25155639648438,0.03581635653972626,0.6005954742431641,-0.7987504601478577,0.6891248226165771,-0.5936866998672485,-0.41550347208976746,1.5256969928741455,6.743818283081055,-0.6555275917053223,0.6500918710210841,0.7197331072710053,0.9090338904562097,0.6297412039183466,0.6676897419436436,0.8862350699065878,0.7416701851525832,0.5745999490234523,0.9771795815183736,0.8380581479326125,0.9981108362175585,0.5455868206394674,0.6887718872633751,0.9914302730145478,0.6580431676862495,0.9998281740484386,0.5709738002142789,0.7277231351139823,0.9976832372015917,0.6871407289649156,0.9979695373004627,0.6412008770577163,0.759046104490606,0.9998615292542906,0.7309318334396337,705807903958
-105.81739044189453,322.30517578125,105.15672302246094,0.03974428400397301,0.5911999940872192,-0.8055451512336731,0.6863350868225098,-0.6020635366439819,-0.40799954533576965,1.3764299154281616,-5.715660572052002,-11.003034591674805,0.6483061255449825,0.7140263566418354,0.9031167334256641,0.6255869337383112,0.6670677126624475,0.8795167344074226,0.744370185879556,0.5835328932592145,0.9794223707524505,0.8599338760509267,0.9979675519372458,0.5473928417521904,0.686712868359218,0.9884641097562603,0.6484399814897889,0.9997097281469194,0.5707718091386773,0.7228394416597165,0.9963693819516379,0.6778168842493875,0.9971802461413894,0.6376134999318983,0.7547957438723846,0.9999965760669489,0.7278284870236572,705807912577
-105.7867660522461,322.26983642578125,105.12297821044922,0.03981965407729149,0.583036482334137,-0.811469554901123,0.6998909115791321,-0.5958842039108276,-0.3937952220439911,3.5018768310546875,-4.04253625869751,-3.858116388320923,0.6478003914196141,0.7099928638291725,0.9071133817177489,0.6225922722784928,0.6779525774432136,0.8740045192868542,0.7607796580152134,0.587174823646631,0.9759079345581627,0.8755682289744517,0.9980522537393478,0.5465533031371003,0.6865897504682357,0.9883929809497666,0.6482403378849388,0.9996291636738861,0.5698622409059031,0.7206008982631997,0.9952127205732358,0.6725962833644434,0.9963698780423949,0.6339596413949573,0.7514211262115355,0.9997756452296992,0.7204592816572689,705807921322
-105.7560043334961,322.2303771972656,105.07560729980469,0.03936416283249855,0.5760759115219116,-0.8164477944374084,0.7121373414993286,-0.589339554309845,-0.3814961016178131,3.5486955642700195,-4.5484724044799805,-5.4644598960876465,0.647326799777123,0.7083889669710043,0.9099508391829342,0.6209878627931109,0.6838097101704331,0.8705238587398285,0.7776733658214375,0.5892579291384528,0.9703398423015221,0.8899343749071112,0.9981694105302827,0.5458836707460697,0.6866570996649115,0.9885175961023865,0.648356442943683,0.9995915106461336,0.5692444641187903,0.7196428688624977,0.9943916425603714,0.66956327204991,0.9957274093177124,0.6314199307701248,0.7496467533220876,0.9992830204137674,0.7161724562778738,705807929992
-105.72108459472656,322.1659240722656,105.01061248779297,0.038675691932439804,0.5706109404563904,-0.8203092813491821,0.7224557399749756,-0.5831038355827332,-0.3715475797653198,4.0385613441467285,-7.455595970153809,-7.516800880432129,0.647029872309725,0.7081555571767237,0.9124337276118808,0.6204422002957167,0.6872622816785133,0.8684333953662545,0.7916393594292813,0.5892620152324349,0.9646236281599865,0.8990812823753788,0.9982534395917976,0.5453910259374453,0.686564657404361,0.9887102825674096,0.6485396299899775,0.999565667217585,0.5688158430656188,0.7191041647969525,0.9937876005904619,0.667607066257636,0.995195595672655,0.629650441443371,0.7485836999518618,0.99875234646469,0.7135126704759199,705807938638
-105.70484161376953,322.1477355957031,104.94659423828125,0.0381881445646286,0.5668798685073853,-0.8229148983955383,0.7298874855041504,-0.5782832503318787,-0.3644897937774658,1.8708001375198364,-2.0955252647399902,-7.372147083282471,0.6468937253516569,0.7083542020453018,0.9142653054323516,0.6201729357997975,0.6893216848566521,0.8671631627003812,0.8027710121029091,0.5881851173572625,0.9594650320377053,0.904065010881109,0.9983168430109725,0.5449879190185738,0.6866084413165378,0.9889243195852134,0.6489515303876142,0.9995512603233757,0.5684285143169883,0.7187624509703402,0.9933361830400068,0.6662577666524674,0.9947416164162827,0.628154094345405,0.7477782929724653,0.9982462748762312,0.7117372178210208,705807947322
-105.7005386352539,322.10589599609375,104.85743713378906,0.03748621046543121,0.5628907680511475,-0.8256807923316956,0.7365228533744812,-0.5739902853965759,-0.357867568731308,0.49457189440727234,-4.815642833709717,-10.26237678527832,0.646721673529569,0.7087945727365933,0.9156494340092001,0.6201218786995298,0.6903579675225542,0.8660018186418854,0.8132844324603615,0.5864888608977517,0.9540466335890412,0.9079966972065411,0.9984618956681645,0.5447658374044309,0.6869877809706655,0.9892314361367922,0.6492804015215674,0.9995780971664284,0.5681670047988486,0.7189956938040389,0.9930894279574398,0.6655527666145067,0.9944833095925972,0.6270143222079282,0.7475866296448606,0.997821345504888,0.7105368095393872,705807956010
-105.74677276611328,322.14190673828125,104.79393768310547,0.03661862388253212,0.5610095858573914,-0.8269989490509033,0.7404955625534058,-0.570946216583252,-0.354523241519928,-5.368198871612549,4.1819047927856445,-7.373204231262207,0.6466232181476768,0.7090160901954885,0.9163435702560622,0.6200018532927972,0.6908686806460559,0.8667061722943206,0.8206853167176317,0.5842053246748767,0.9489616076222646,0.9081532637847785,0.9986238897563349,0.5446170731515928,0.6880046311999701,0.9895621725589641,0.6500592225693778,0.9996415944224647,0.5680176868511926,0.7198762407878705,0.9929402276164735,0.6652199225037657,0.9944092600175126,0.6259747876048612,0.7481435954900666,0.997456810860355,0.709958115995573,705807964622
-105.83773803710938,322.1692199707031,104.68395233154297,0.03424431383609772,0.5673742294311523,-0.8227477073669434,0.7345507740974426,-0.5725103616714478,-0.36423492431640625,-10.441070556640625,3.134007692337036,-12.624174118041992,0.6473052649930032,0.710025618209817,0.920503397873203,0.6214930122170419,0.6957915196093275,0.867300398462179,0.8145109338465992,0.583349688589445,0.9516511330180013,0.90546361703604,0.9986028465471761,0.5444444812931853,0.6876316093703926,0.9902259715410358,0.6515596031171513,0.9997064032164158,0.5683127580580826,0.7204942236315258,0.9940222861945027,0.6681185689141094,0.9951202965599151,0.6275304541484389,0.7484359449634267,0.9982774308689721,0.7113364977854935,705807973334
-105.95691680908203,322.1934814453125,104.64600372314453,0.031987909227609634,0.574366569519043,-0.8179730176925659,0.7254390716552734,-0.5763093829154968,-0.3763052821159363,-13.764089584350586,2.8020431995391846,-4.382493019104004,0.6481771421331579,0.7109848641390389,0.922397377460791,0.6225329231474355,0.6978392837637424,0.8702796603181455,0.8055525545239185,0.5820258713627782,0.9543739564567925,0.8993838571001036,0.9986302152169096,0.544231389960693,0.6879771288056793,0.9911537776389564,0.6541926034083945,0.9997957779483321,0.5685556497454735,0.721882344531009,0.995205837517928,0.6720150929447662,0.9959543217872241,0.6293437147896658,0.7497426920480247,0.9990721961720218,0.7141821075856235,705807981993
-106.09213256835938,322.22235107421875,104.55357360839844,0.02985411323606968,0.5809751152992249,-0.8133736252784729,0.7168785333633423,-0.5795128345489502,-0.38762104511260986,-15.688250541687012,3.3510258197784424,-10.724494934082031,0.6492954971639833,0.7124594092719518,0.9225151014699015,0.6234934981945518,0.6967371876960465,0.8736136254930364,0.7975040364300097,0.579020886197209,0.9561611432132702,0.8904482564292076,0.9986322237026883,0.544064222564624,0.6880807470629295,0.9919663659459139,0.6565884411166316,0.9998682990733907,0.5688269375979064,0.7233412034694061,0.9962458040606739,0.6759783321410044,0.9967066379997341,0.6315689128086974,0.7517136365706967,0.9996365248023718,0.7178323891928438,705807990612
-106.18535614013672,322.21539306640625,104.45379638671875,0.02842111699283123,0.586989164352417,-0.8090957403182983,0.7107096910476685,-0.5810484290122986,-0.39657849073410034,-10.648728370666504,-0.7940241098403931,-11.398067474365234,0.6503852394369916,0.7141348623574243,0.9208344860438462,0.6248988034520659,0.6926885828565873,0.8760726120278169,0.7916904385334178,0.5749727857205816,0.9572073322761305,0.8803112275742186,0.9986410378063393,0.5440174569432166,0.6879972943787458,0.9925562530937236,0.6581769038042823,0.999924757417046,0.5691377112620949,0.7250704505099593,0.997020749352811,0.6795637559940855,0.9973510348911386,0.6340092325074548,0.7547113568105092,0.9999043807811318,0.7214283701375119,705807999366
-106.32318878173828,322.2743225097656,104.4014663696289,0.027418257668614388,0.5919510722160339,-0.8055074214935303,0.7050263285636902,-0.5827043652534485,-0.4042195975780487,-16.002864837646484,6.84151029586792,-6.074979305267334,0.6513766468899602,0.7162990746849469,0.9189692728982113,0.6261489767788545,0.6875459255172406,0.8781102047136765,0.7869604264669119,0.5707858978659486,0.9579875256628834,0.8694609286856387,0.9985526579791006,0.5438940450364967,0.6873097743748562,0.9930696719430934,0.6597616646876275,0.9999492893142687,0.5693338592532508,0.7255165426159762,0.9976367425253339,0.6822690587945086,0.9977700156378408,0.6360104964920141,0.7560497009155184,0.9999985553762678,0.7240773992567606,705808007979
-106.4472427368164,322.34051513671875,104.3644790649414,0.027134977281093597,0.5953210592269897,-0.8030295968055725,0.7008475065231323,-0.5841469764709473,-0.40937158465385437,-14.267312049865723,7.6104888916015625,-4.253840446472168,0.6523320584331449,0.7184346645320027,0.9172636563206741,0.627016314043898,0.6827062126015245,0.8797497065701104,0.7831858023259215,0.5675404796914164,0.9586035305654032,0.8603873654669676,0.9984975213653917,0.5438715934089372,0.6862605073226324,0.9935194851666158,0.6605773786047533,0.9999707100780882,0.5696527336355511,0.7261246099298839,0.9981312564424529,0.6846764458431917,0.99815272675529,0.6382219577047515,0.7577794253396052,0.9999551302585458,0.7265915775324243,705808016674
-106.49629211425781,322.30682373046875,104.28901672363281,0.026493359357118607,0.5971326231956482,-0.8017048835754395,0.6996345520019531,-0.5839030146598816,-0.4117872714996338,-5.6546406745910645,-3.8815202713012695,-8.699301719665527,0.6530083832375841,0.7203759185728779,0.9155827128193403,0.6280688309490288,0.6779969426949212,0.8808584318531791,0.7805849568479213,0.5644776052894356,0.9589771655910695,0.851614619709022,0.9984164414064659,0.5439407390029575,0.6850992572913142,0.993811571563633,0.6609238936580134,0.9999801212933438,0.570103872059728,0.7263458149954879,0.9985207686818294,0.6867160480352553,0.9984261289194334,0.640775293327629,0.759181514844191,0.999799609854312,0.7288366979742646,705808025349
-106.56655883789062,322.2807922363281,104.25528717041016,0.02609870955348015,0.5980730652809143,-0.8010165095329285,0.7001122832298279,-0.5828949213027954,-0.4124031364917755,-8.13595199584961,-3.0164265632629395,-3.9053142070770264,0.6533832542796556,0.7220885960020345,0.9140579621060743,0.6294634805646014,0.6736480658733448,0.8825941843434436,0.776622505154028,0.5630349082371524,0.9598581262581655,0.8454638846492298,0.9983711030677048,0.5440740546311444,0.6846172814889415,0.993992014373414,0.6612782641579094,0.9999882464958647,0.5705225908079861,0.7269953435643103,0.9987948134792672,0.6886153531123497,0.9986673224872405,0.6430510577662953,0.76082714158153,0.9995932311424001,0.7307325259740792,705808033985
-106.63253784179688,322.2789611816406,104.21521759033203,0.025235196575522423,0.5993107557296753,-0.800118625164032,0.7007620334625244,-0.5814118981361389,-0.4133918583393097,-7.602190971374512,-0.20863617956638336,-4.616928577423096,0.6537189854307448,0.7233906665053019,0.9123704459987957,0.6305931548041068,0.6697237405045442,0.8837824407437868,0.7748883672183219,0.561453452228344,0.9599261702534491,0.8396478632654032,0.9983716323680131,0.544195068838167,0.684094225605022,0.9941607160699657,0.6612729977257837,0.9999930174116565,0.5707946172649673,0.7271995162725431,0.9989789994445282,0.6897535701661375,0.9988300458443703,0.6448030280035463,0.7620885763677492,0.9994114325395721,0.7319218063295043,705808042664
-106.64212799072266,322.23565673828125,104.20561218261719,0.024549338966608047,0.6005159616470337,-0.7992358207702637,0.7022332549095154,-0.5793768167495728,-0.4137522876262665,-1.0932364463806152,-4.939911842346191,-1.0956792831420898,0.6539719819637264,0.7248373997554157,0.9112573474872226,0.631834728986005,0.666329456441645,0.8841562247474595,0.775163413036315,0.5600374238314281,0.9594149035405295,0.8354909918124348,0.9983268491474915,0.5442514977860602,0.6834892050561578,0.9943307805460833,0.6615383761708525,0.9999934615204897,0.5710062788591551,0.7270338906103805,0.9991232034151474,0.6907268520943867,0.9989307370874015,0.6464040513514767,0.7629521513521528,0.999227433617779,0.7329579304584631,705808051435
-106.65290069580078,322.18743896484375,104.15996551513672,0.02434605546295643,0.6008153557777405,-0.7990170121192932,0.704109251499176,-0.5776835083961487,-0.4129309058189392,-1.2559492588043213,-5.6176910400390625,-5.319489002227783,0.6541080239644019,0.7259765714513567,0.9105324858516872,0.6329235114448709,0.6638301607285578,0.8837226119591582,0.7769229180732423,0.558861979686978,0.9586667271909485,0.8324348062050054,0.9982885263812645,0.5442750081346451,0.6829949735371806,0.9944681365747082,0.6617803755734806,0.9999926324854482,0.5711126726332167,0.7267195382349921,0.9992163273450454,0.6913419001860637,0.9989789858858885,0.6473982624293613,0.7633192476193599,0.9991187283842494,0.7332992223604777,705808060015
-106.68817901611328,322.16796875,104.1259536743164,0.024368973448872566,0.601344883441925,-0.7986178398132324,0.7047486305236816,-0.5769208669662476,-0.4129064083099365,-4.062926292419434,-2.2446835041046143,-3.917124032974243,0.6542305014284328,0.7266340555412674,0.9098523147996275,0.6335284049146904,0.6620918575889202,0.8835572126608638,0.7776207752699686,0.5582587948236587,0.9584118522972368,0.8300968633416052,0.9982546285890683,0.5442398332351591,0.6827727311747248,0.9945762485381705,0.6621938773036247,0.9999912610863402,0.5710606008239262,0.7262440422608314,0.9992673738486458,0.6915653000911699,0.9989880794744406,0.6476895178432325,0.7629947962986057,0.9990631788413764,0.7331470688585889,705808068698
-106.7059097290039,322.1831970214844,104.09764862060547,0.024508921429514885,0.6018953919410706,-0.7981987595558167,0.70513916015625,-0.5763880610466003,-0.412983775138855,-2.049217700958252,1.7628182172775269,-3.2720773220062256,0.6544260121132487,0.7274556419907185,0.9093921241911948,0.6341333785139317,0.6604767720541379,0.8832388163256004,0.7785477984996128,0.557758544455218,0.9581572316362749,0.8279381389293837,0.9981608277466442,0.5440907269621418,0.6819505279736348,0.9947574412405382,0.662752972350263,0.9999858663378732,0.5708727891008109,0.7250374501229566,0.9993210644894358,0.6915008252103021,0.9989550494480918,0.6476713831641269,0.7619410168382355,0.9990142522704736,0.7327123975298685,705808077350
-106.69116973876953,322.1585998535156,104.09671783447266,0.02475692890584469,0.601443886756897,-0.7985314130783081,0.7065722942352295,-0.5756011009216309,-0.41162964701652527,1.683447241783142,-2.807879686355591,-0.10632441937923431,0.6545242528310767,0.7283240392358754,0.9091722480505195,0.6346779058217007,0.6590359239574825,0.88291649532915,0.779935720416232,0.5573353093250891,0.9575912864956273,0.8267416473204844,0.9980895800905788,0.5439768539180561,0.6809566615092418,0.9949410829713053,0.6629956992751725,0.999980359158223,0.5707618280022767,0.7239421748740952,0.9993813014899452,0.6915235148729433,0.9989300564937975,0.6478803354313142,0.7610474933011381,0.9989514305881797,0.7323346185467601,705808086108
-106.69277954101562,322.14141845703125,104.06322479248047,0.02514500729739666,0.600857138633728,-0.7989608645439148,0.7074755430221558,-0.5753510594367981,-0.41042599081993103,-0.18645167350769043,-1.9842041730880737,-3.8640220165252686,0.6545744564660739,0.728647912879392,0.9087789278375972,0.6349690556395075,0.6581087793006869,0.8822208760621723,0.782180679165117,0.5569318286937728,0.956806783233233,0.8257823479793971,0.9980221449588251,0.5438722521633638,0.6801651726514696,0.9950634104135699,0.6631756367812224,0.9999747187102501,0.5706384773075186,0.7230142715285077,0.9994133716284967,0.691375916601687,0.9988962505099397,0.6478498806970105,0.7601091445694563,0.9989245155761757,0.7318104894920328,705808094776
-106.69425201416016,322.15338134765625,104.08773803710938,0.02555026300251484,0.6002172827720642,-0.7994288206100464,0.7085036635398865,-0.5750335454940796,-0.40909531712532043,-0.1705862581729889,1.391301155090332,2.85185170173645,0.6545046232155,0.728925695430314,0.9086841251362912,0.6352014660622338,0.6575442549177137,0.8815856256823675,0.7836480724628365,0.5567378614101336,0.9563735847865946,0.825869434808742,0.9979689619224457,0.5437922055592956,0.6793493369713116,0.9951412867494831,0.6630596860452882,0.9999678178060799,0.5705212211637818,0.7220600333577529,0.9994288906657114,0.691037564791314,0.9988583820878386,0.6477850785463074,0.7591755270776388,0.9989083560818295,0.7312407206809491,705808103374
-106.69465637207031,322.1296691894531,104.0652084350586,0.025829151272773743,0.5999924540519714,-0.7995886206626892,0.7089784145355225,-0.5748864412307739,-0.40847909450531006,-0.04666343703866005,-2.740386486053467,-2.6060397624969482,0.6544403618066329,0.7289950161856742,0.908805787094757,0.635204527265439,0.65754834219015,0.8813711613539351,0.7842898682146981,0.5570092568870232,0.9562021946166878,0.8270827207493968,0.9979836994073157,0.5437535027790805,0.6790111134416527,0.9951806986211063,0.662821933138125,0.9999670799002403,0.5704659748368871,0.7217011029180717,0.9994369589176586,0.6908404008667429,0.9988568366593025,0.6478395610327251,0.758973784961153,0.9989016634383561,0.7310050464087352,705808112021
-106.6761474609375,322.1029052734375,104.06106567382812,0.026028264313936234,0.6002887487411499,-0.7993596792221069,0.7080243825912476,-0.5755671262741089,-0.40917477011680603,2.120737314224243,-3.068636178970337,-0.4747360944747925,0.6542585358563916,0.7282437366725182,0.9082362358722169,0.6349314292914481,0.6577492592096416,0.881547470223385,0.7847398364996124,0.557108841820512,0.9559507549807846,0.826444478042967,0.9980106108179424,0.5436808097529863,0.6788965602848759,0.9952051973906031,0.662692977498821,0.9999678509161849,0.5703424537204141,0.7213769953973352,0.9994276933425553,0.6904322421826847,0.9988509054798642,0.6476073990519945,0.7586298600855413,0.9989265001794025,0.7305493873287177,705808120746
-106.6875228881836,322.1084289550781,104.066162109375,0.026755336672067642,0.6006733179092407,-0.7990467548370361,0.7072094678878784,-0.5763028860092163,-0.40954822301864624,-1.3174498081207275,0.6392846703529358,0.5899078845977783,0.6541314970963821,0.727730556607663,0.9078218385605096,0.634833937914208,0.6578574020484016,0.8816136701717255,0.7855636928817076,0.5569029811715202,0.9554938077116082,0.8250099676937982,0.9980084858556566,0.5436201535422004,0.6787816809248016,0.9952110866415873,0.6626586526648203,0.9999683244931639,0.5702305287545173,0.721196519440925,0.9994046989391027,0.6900172275207249,0.9988417543614623,0.6471893811474441,0.7583543663653397,0.9989825725625014,0.7300368066845346,705808129381
-106.65921020507812,322.0800476074219,104.057373046875,0.02732519619166851,0.601181149482727,-0.7986454367637634,0.7063322067260742,-0.576958179473877,-0.4101390838623047,3.2515408992767334,-3.2573928833007812,-1.0087910890579224,0.6541256905477587,0.7273209058557174,0.9077559007650221,0.6346155765326843,0.6583453135979748,0.8819704284073605,0.7854225580966253,0.5568533657114527,0.9553680252829213,0.8241977504090136,0.9980022882675493,0.5436050552831415,0.6784557567265076,0.9951993768926886,0.6623434921267142,0.9999699263658013,0.570249632300156,0.7212069535596709,0.9993835280367519,0.6896799534819853,0.9988486925601635,0.6471436442674643,0.7584568447621753,0.9990115481487096,0.7298025087586806,705808138089
-106.66107177734375,322.13153076171875,104.0479736328125,0.02827857993543148,0.6013131141662598,-0.7985129356384277,0.7046201825141907,-0.5786066651344299,-0.41076114773750305,-0.2138272523880005,5.907576084136963,-1.0788698196411133,0.6542461265425072,0.7268931611027946,0.9074995897951357,0.6344292854585855,0.6587240632549379,0.882283141509844,0.7849694667879223,0.556788246385259,0.9555385812075601,0.8221671281480974,0.997933950978131,0.5435096468676589,0.677829436175572,0.9952303254703109,0.6623297675539244,0.9999679169701731,0.5700915841017513,0.7208550385927328,0.9993567628193272,0.6892182014110908,0.9988083099734957,0.6463981836752071,0.7577286667021634,0.9990813624596601,0.7291638634263485,705808146799
-106.65189361572266,322.1498107910156,104.08097839355469,0.029193488880991936,0.6015998125076294,-0.7982640266418457,0.7031771540641785,-0.5799428224563599,-0.41134923696517944,1.0648289918899536,2.1229982376098633,3.828441858291626,0.6543062984348078,0.7264185080309173,0.9073827290397886,0.6341038615768595,0.6593041485437935,0.8825595531832479,0.7840240834190827,0.5568659798547935,0.9560197417364454,0.8207036762451607,0.9978854824141473,0.5434546542903315,0.6772540931863804,0.9952057521786107,0.6619983936039586,0.9999647674241193,0.5700394560985019,0.720539633535555,0.9993239255216491,0.6887218531267175,0.9987746034899457,0.6460870960180378,0.7573005034474193,0.9991281030739743,0.7286994967026454,705808155420
-106.63905334472656,322.16717529296875,104.10054779052734,0.030112018808722496,0.6016944646835327,-0.7981585264205933,0.7018989324569702,-0.5812455415725708,-0.4116934537887573,1.4711406230926514,1.9891695976257324,2.2415897846221924,0.6543322740843558,0.7262432211963024,0.9075837391420031,0.6339384527852429,0.6598358579168734,0.8826640585895389,0.7827554586224148,0.5570882079394035,0.9568094588205915,0.8198755875045233,0.9978685624735797,0.5434100450838065,0.6768972381144257,0.9951769558706879,0.6616694204701358,0.9999615084872271,0.5699651608664932,0.7202533851571291,0.9992832379944496,0.6881899338244071,0.998724799325552,0.6455294749758432,0.7567358205443044,0.999200446819586,0.7281217769488462,705808164149
-106.63226318359375,322.2205505371094,104.11300659179688,0.03136293217539787,0.6012275218963623,-0.7984621524810791,0.7010660767555237,-0.5826220512390137,-0.41116654872894287,0.7888122797012329,6.202597141265869,1.4473159313201904,0.654305995727536,0.726301043588903,0.907950312453227,0.6338920048030644,0.6601918436401099,0.8823060416171469,0.7818792511690751,0.557197777750867,0.957622964945702,0.8193214342212263,0.9978589492576428,0.5433775782712917,0.6763728324357688,0.9951459145586671,0.661117475731625,0.9999590437807517,0.5699233904079495,0.7198549191973984,0.9992364852861866,0.6874253718686261,0.9986888418265684,0.6450561745646276,0.7562429402736983,0.9992812844975115,0.7272479971869061,705808172755
-106.60969543457031,322.2178039550781,104.09931945800781,0.03173411265015602,0.6010637879371643,-0.7985708117485046,0.7012211084365845,-0.5827339291572571,-0.4107433557510376,2.5963456630706787,-0.3169940412044525,-1.5741549730300903,0.6543436241899029,0.7263265691417065,0.9084552019258438,0.6337964950710456,0.6608352093183759,0.8818394975773077,0.7818639864936053,0.5571449437340619,0.9579389089094273,0.8191419218628391,0.9978138939667593,0.5433575382040438,0.6758946937167446,0.9951085679798237,0.6607828311212749,0.9999543164697595,0.5699531764023782,0.7195383847037098,0.9992037725010203,0.68694977889636,0.9986579290407683,0.644947150556288,0.7559504187350768,0.999318358977806,0.7267928745418741,705808181448
-106.60601043701172,322.16986083984375,104.05746459960938,0.03208071365952492,0.600891649723053,-0.7986864447593689,0.7000537514686584,-0.5838541388511658,-0.4111436605453491,0.4266462028026581,-5.553277969360352,-4.846953392028809,0.6544324579829264,0.7258500042159896,0.908539354643734,0.6332960359284231,0.661700093840718,0.8817637659456545,0.7817645048891225,0.5571959465383232,0.9580927825633254,0.8188482922548345,0.9978422491455126,0.5433466208287736,0.675912991680085,0.9950908566842536,0.6605764914288647,0.9999560406400174,0.5699853332113421,0.719614651351758,0.9991746051575752,0.6866386516288943,0.9986544458974496,0.6447994203009685,0.7558754409180467,0.9993476626266741,0.72646206716298,705808190083
-106.57898712158203,322.145263671875,104.02326202392578,0.032439883798360825,0.600127100944519,-0.7992465496063232,0.7000523209571838,-0.5843896269798279,-0.41038456559181213,3.1175646781921387,-2.8353331089019775,-3.945709705352783,0.6544288449860441,0.7255995384950792,0.908525167186954,0.632947685748962,0.6620435212366118,0.8813880447064197,0.7827841838927362,0.5569513311818126,0.9577194070626018,0.8184750162357971,0.9978736537695356,0.5433593862759698,0.6757949949456133,0.9950913034935774,0.660273162239564,0.9999613942265355,0.5700663392097819,0.7198317546033937,0.9991657844450735,0.6864770282586871,0.998683101346644,0.6448715599430486,0.7561089037087333,0.9993613018851281,0.7261982329649898,705808198752
-106.5707015991211,322.10821533203125,103.9676513671875,0.03240096569061279,0.5999779105186462,-0.7993601560592651,0.700150728225708,-0.5843755602836609,-0.4102366864681244,0.95399010181427,-4.2681684494018555,-6.406703948974609,0.6544889636302481,0.7253925089643805,0.9085932442595475,0.6325244629480429,0.6624806885219917,0.880945609978778,0.7839523265400595,0.556852629126146,0.9573240221604096,0.8188044449746698,0.9979206546911364,0.5433514681380035,0.6756877312631021,0.9951103877291502,0.6599736103054776,0.9999652817156817,0.5700732478345367,0.7197225570590308,0.9991609863810569,0.6861154681543792,0.9986992551078595,0.644817067547447,0.7560867830679595,0.9993731462421861,0.725872388483211,705808207432
-106.56954193115234,322.13555908203125,103.92644500732422,0.032381560653448105,0.5995216965675354,-0.7997031807899475,0.7009946703910828,-0.5839543342590332,-0.40939441323280334,0.13254335522651672,3.1120290756225586,-4.694524765014648,0.6545079813370324,0.7254363188061451,0.9089003455304843,0.632294971534416,0.6628294788576913,0.8804047782848963,0.7851909480865784,0.5566160653019833,0.9568958112019029,0.8190089305684859,0.997917597730425,0.5433508133442598,0.6752844848995807,0.995118316779811,0.6596314967826628,0.999968307031122,0.5701567630783827,0.7196369670668903,0.9991532362956991,0.6857380737806755,0.9987222769878163,0.6449475074628921,0.7561505686315574,0.9993849231874274,0.7254040078467682,705808216210
-106.57660675048828,322.159912109375,103.93268585205078,0.032237451523542404,0.600130558013916,-0.7992521524429321,0.6998663544654846,-0.5844506621360779,-0.41061481833457947,-0.8232897520065308,2.838287591934204,0.7272817492485046,0.6545908713793733,0.7249835552822337,0.9087865591289812,0.6315146023248853,0.6634067295169351,0.8801187288494248,0.7860036941665766,0.5566482061724074,0.9566228241568565,0.8196014001478622,0.9979236752329956,0.5433657722400772,0.6751843672020386,0.9950656910403952,0.6592879679359644,0.9999712271832177,0.5702494286632335,0.7196136266684952,0.9991115767629971,0.6850894027592288,0.9987340347942757,0.6448945740807067,0.7561872871388211,0.9994070166377048,0.7250517874134079,705808224797
-106.5813980102539,322.17596435546875,103.91312408447266,0.03229609876871109,0.600703239440918,-0.7988194823265076,0.6989670395851135,-0.5848662853240967,-0.4115537703037262,-0.5463560819625854,1.829949140548706,-2.229865789413452,0.6546419124516487,0.7247971605184473,0.9088994365505516,0.6311644629157551,0.6638678682300683,0.8801283290478867,0.7864527375248391,0.5566210810005402,0.9563447313592192,0.8197824138515075,0.9979270570128014,0.5433721572824609,0.6749993975011837,0.9950510569201678,0.6590290373538574,0.999977305867711,0.5703386239319487,0.7198663354122927,0.9990945130174884,0.6847746148580427,0.9987840913172494,0.6450620971374601,0.7567219780572185,0.999406568911988,0.7250519525640202,705808233569
-106.5941390991211,322.14739990234375,103.85486602783203,0.03220959007740021,0.600774884223938,-0.7987691164016724,0.6990109086036682,-0.584761917591095,-0.41162756085395813,-1.4894688129425049,-3.339810371398926,-6.812357425689697,0.6547036805072518,0.7248087482039787,0.909207577250653,0.6310083676739942,0.6642983119420599,0.8799099565406967,0.7870709300584203,0.5564006861240337,0.9560263856098088,0.8200642059830401,0.9979302566211914,0.5434216517230335,0.6747325011976494,0.995032624461874,0.6586489287466295,0.9999789070770903,0.5704819202014481,0.71999245463667,0.9990914123308503,0.6846727427058138,0.9988021927897676,0.645314175226471,0.7569406454290711,0.999390204817381,0.7251382197707136,705808242121
-106.60741424560547,322.12066650390625,103.79611206054688,0.032181572169065475,0.6002011895179749,-0.7992013692855835,0.6994966268539429,-0.5846751928329468,-0.410925030708313,-1.527062177658081,-3.0782434940338135,-6.760977268218994,0.654761081598837,0.7249045931886489,0.90963958650568,0.631065313959093,0.6647707035212841,0.8788312761083966,0.7893441810459416,0.5560027188703142,0.9553058165570819,0.8203113156747105,0.9978877776716735,0.5434434337943987,0.674376525912999,0.995000450418081,0.6584154859836983,0.9999758313900378,0.5705210373811584,0.7198218638364391,0.9990867318983497,0.6846205979221855,0.9987735056281936,0.6451813256615209,0.7566154392628798,0.9993956107834011,0.725077583687758,705808250812
-106.6471176147461,322.1066589355469,103.74226379394531,0.031869128346443176,0.6003037691116333,-0.7991368770599365,0.699462354183197,-0.5845257639884949,-0.41119587421417236,-4.585958957672119,-1.6155368089675903,-6.21877908706665,0.6548547730094931,0.7249879995066844,0.9098094312767017,0.6309949074428443,0.664944373545592,0.8784391057966683,0.7910180839095537,0.5558289978356743,0.9545264393265914,0.820742106933388,0.9978598954003517,0.543426403282396,0.6739181213200331,0.9950800768533014,0.6584448909967191,0.9999751316131604,0.5704998445348729,0.7194694732681839,0.999121245517742,0.6846339777733748,0.9987547462159592,0.6449597925399132,0.7560693408102295,0.9993710685282664,0.725102926616499,705808259471
-106.68087768554688,322.0933837890625,103.68234252929688,0.031454045325517654,0.6002188920974731,-0.7992171049118042,0.7002749443054199,-0.5837838649749756,-0.4108666181564331,-3.8827931880950928,-1.5270848274230957,-6.892936706542969,0.6549191129154941,0.7249141055389776,0.9098075006867673,0.6309380502821573,0.665102546051708,0.8774441760400223,0.7938035600101666,0.5554705336466452,0.953443339071261,0.821035423041553,0.9978434081063698,0.543430613247535,0.6737077880748655,0.9951093365214696,0.6584447305373607,0.9999751235352465,0.5705156649050515,0.7193678900467493,0.9991471373413486,0.684771083723086,0.9987448378139435,0.6449237551261464,0.7558088378695222,0.9993469930301763,0.7252385021899974,705808268164
-106.70684814453125,322.0069580078125,103.54443359375,0.030529208481311798,0.6003930568695068,-0.7991220951080322,0.7016563415527344,-0.582267701625824,-0.4106612801551819,-2.9742164611816406,-9.897340774536133,-15.792826652526855,0.6550264990760347,0.7247774360693254,0.9096716167496605,0.6310158272963046,0.6652235237623445,0.8767123663374193,0.7955378147719782,0.5556671681832441,0.9528751457426984,0.8238186905502586,0.9978627080572423,0.5434678278374243,0.6743150238435933,0.9950561958170585,0.6586948926443912,0.9999743795424577,0.5705554660115424,0.7198662318874092,0.9991466810796279,0.6852982282345033,0.9987308480921155,0.6449597284174065,0.7561515287040124,0.9993403952308855,0.7259308236394312,705808276896
-106.70352935791016,321.90618896484375,103.43268585205078,0.029682183638215065,0.6013819575309753,-0.7984101176261902,0.701207160949707,-0.5817683339118958,-0.4121336042881012,0.381842702627182,-11.604996681213379,-12.868304252624512,0.654995152505406,0.7238630790630549,0.9091822258321018,0.6305145808144592,0.6659089012166107,0.8763495901540014,0.7964186257944901,0.5561822589143821,0.9527307548499768,0.8260607647530882,0.9979705967228102,0.5435144292248478,0.6756130422027468,0.9949000926052778,0.6587036036855146,0.999977372203985,0.5704893526789356,0.7206885716002553,0.9990803619142679,0.6853825188538714,0.9987083645639153,0.6444470475598373,0.7565768909063236,0.9994151893450276,0.7261567640650813,705808285580
-106.71573638916016,321.8200378417969,103.28650665283203,0.029465235769748688,0.6029214262962341,-0.7972562909126282,0.6985467076301575,-0.5829203128814697,-0.41501373052597046,-1.4223895072937012,-10.035980224609375,-17.031415939331055,0.6550611423916152,0.7222264144641344,0.9079900343075373,0.6295423773583622,0.6668559717653448,0.8760807760438604,0.796293011427514,0.5566181938573377,0.9531510571197238,0.8269397628863744,0.9980659799269157,0.5435493146027824,0.6770071435328999,0.9947072969949919,0.6587480654641453,0.9999804463945304,0.5703604874323888,0.7216820926130593,0.9989722632153811,0.685323831725678,0.9986762923642134,0.6435363312163821,0.7569802909641627,0.9995207807432798,0.7262538310937966,705808294163
-106.71659088134766,321.7067565917969,103.1710205078125,0.029538661241531372,0.6040440201759338,-0.7964033484458923,0.6965119242668152,-0.5839080810546875,-0.4170401394367218,-0.09836079180240631,-13.006354331970215,-13.257438659667969,0.6549289937502352,0.7209445621549239,0.9071743907915896,0.6288720637278463,0.6676064041808403,0.8761688373276978,0.7955395412945185,0.557001132567516,0.9536372330395314,0.8278833762361797,0.9982182115242973,0.5436390225682565,0.6785559106986149,0.9945538737218574,0.6586941052401263,0.9999863089066234,0.5702900254049411,0.7228116690944182,0.9988964023786858,0.6854594065640314,0.9986911213057559,0.6430662752161667,0.7577462205472532,0.9995778150025,0.7265895538212394,705808302874
-106.71914672851562,321.64703369140625,103.04033660888672,0.028726257383823395,0.6062597036361694,-0.7947477698326111,0.6955506205558777,-0.5831460952758789,-0.4197022318840027,-0.29602864384651184,-6.923750400543213,-15.155502319335938,0.6549817555188504,0.720455957051835,0.9070124774495976,0.6287006021005813,0.6681832845046859,0.8762097398862866,0.7946314324751915,0.5572387269716031,0.954157858181276,0.8288810125461474,0.9982900296393584,0.5437019102647446,0.6793181620234976,0.9944401284255882,0.6585286961538968,0.9999879931067176,0.5702467010309743,0.7231828864781633,0.9988337620048554,0.685212795649954,0.9986996708592888,0.6428892998441122,0.7581760971568523,0.9996012690137013,0.726825462868718,705808311497
-106.67874908447266,321.5954284667969,102.95909881591797,0.027983125299215317,0.6081963181495667,-0.7932932376861572,0.6950600147247314,-0.5821926593780518,-0.42183324694633484,4.666191577911377,-5.961594581604004,-9.382803916931152,0.6548841182052035,0.7199652377318124,0.9065709724055105,0.6287694534776579,0.6682599365070853,0.8762261549346037,0.7947910894349917,0.5573511433344298,0.9540710712968156,0.8293903887744866,0.9983748627594922,0.543761017654155,0.6800313239594675,0.9943782331919162,0.65841289655168,0.9999902586550251,0.5702020557511192,0.7236946848274023,0.998782355081328,0.6851434860279284,0.9987172416359593,0.6428234658696305,0.7587966721763408,0.9996272392388269,0.7270430550195328,705808320155
-106.6556396484375,321.527099609375,102.89750671386719,0.02718208357691765,0.6106204986572266,-0.7914566993713379,0.6947590112686157,-0.580803394317627,-0.42423734068870544,2.632506847381592,-7.785041809082031,-7.016077041625977,0.6546952320716107,0.7194365115391804,0.9057483548270093,0.6285633349435922,0.6678289171138259,0.8757791360743865,0.796590819982973,0.5571247469991463,0.9532877036878971,0.8290987607961169,0.9984068464011797,0.5437642007244061,0.6801822646541498,0.9943717019723691,0.6583234369677928,0.9999915169198501,0.570151187188361,0.7239238964117771,0.9987420970530398,0.684983217265939,0.9987381160048698,0.6429435029294732,0.7594194219771458,0.9996384341902307,0.7273344742862903,705808328934
-106.61553955078125,321.41937255859375,102.76809692382812,0.02686009369790554,0.6109351515769958,-0.7912248373031616,0.6966286897659302,-0.5791012644767761,-0.42349758744239807,4.622278690338135,-12.419854164123535,-14.919512748718262,0.6542713776883337,0.71952238276479,0.9057961554567469,0.6287855549575824,0.667390974447515,0.8749657927769776,0.7975269313938508,0.5572164147968176,0.9532816980639893,0.830328953733503,0.9984277832021794,0.5437969826465034,0.6804843925300734,0.9942825045983532,0.6581452569468427,0.9999877827739262,0.5701138893312355,0.7238756678270176,0.998675904312872,0.6847798395590994,0.99869268943997,0.6430237429797954,0.759607230450532,0.9996727767719935,0.727371267570475,705808337608
-106.57938385009766,321.3216552734375,102.7003173828125,0.026715679094195366,0.6112524271011353,-0.7909846901893616,0.6968470215797424,-0.5787087678909302,-0.42367494106292725,4.172607898712158,-11.274839401245117,-7.8218159675598145,0.653953560095298,0.7191886269341675,0.9054287274807196,0.6286336665175398,0.6671429094251713,0.8744282895645363,0.7979293414021756,0.5574089417604904,0.9535157665001579,0.830508247602074,0.998473757089414,0.5438214602462526,0.68087396429807,0.994217844041389,0.6579742766739057,0.9999860465152083,0.5699696193266306,0.7238214374159725,0.9986202489397414,0.6845376083714287,0.9986343800158237,0.6424647668489534,0.7591739479596968,0.9997153314795267,0.7270658164710625,705808346273
-106.55953979492188,321.2243347167969,102.61739349365234,0.026921117678284645,0.6113482117652893,-0.790903627872467,0.6959545612335205,-0.579411506652832,-0.4241810441017151,2.29510235786438,-11.258601188659668,-9.59127426147461,0.6536271947306107,0.7186971189225789,0.9049493847106663,0.6283199050666657,0.6669879167587945,0.8742955700101437,0.7978232828500764,0.557744788837122,0.9538101197641867,0.8308783511288064,0.9985291314249801,0.5438572883644991,0.6816163134276771,0.9941520415760307,0.6580626260700476,0.99998606086561,0.5698273505097371,0.7240186516269966,0.9985763698122132,0.6845015068980188,0.9985934992713029,0.6418261579468237,0.7588210717343596,0.9997464849128285,0.7269329797085561,705808354919
-106.54476165771484,321.202880859375,102.57754516601562,0.027229933068156242,0.6109990477561951,-0.7911628484725952,0.6958385109901428,-0.5798101425170898,-0.42382654547691345,1.7186528444290161,-2.4931704998016357,-4.633360385894775,0.6533231925267168,0.7184139474964714,0.9045713791568638,0.628172133883951,0.6666668702170622,0.8739637016554148,0.7977359930409984,0.55782573458226,0.9541387876947824,0.8308010921475705,0.9985127950572286,0.5438388530794861,0.6816628294593593,0.9941254186320982,0.6581395878338936,0.9999829128107751,0.5696420965157409,0.7237434318810394,0.9985625756346731,0.6844788697746198,0.9985476965882067,0.6412541753823005,0.7580812364928008,0.999751690949083,0.7268145342317722,705808363519
-106.53516387939453,321.1110534667969,102.48002624511719,0.02696061320602894,0.6113501191139221,-0.7909008264541626,0.694885790348053,-0.5802279710769653,-0.42481669783592224,1.1067537069320679,-10.586709976196289,-11.24158000946045,0.6531291072880491,0.717837403804345,0.9041774392671469,0.6277897679893574,0.6668625255329836,0.873765513534486,0.7974406228143259,0.557985100416851,0.9544525692858338,0.8316381604865074,0.9985567413266204,0.5439435224654322,0.6822226215815608,0.9939817008458511,0.6578228078215458,0.9999825778628081,0.5696606488371139,0.7238924851066856,0.9985182461096253,0.6843186121016089,0.9985323201990159,0.6411195933642736,0.7581119615172845,0.9997564863429406,0.7270221992207225,705808372194
-106.5345687866211,321.07647705078125,102.35271453857422,0.027023816481232643,0.6111300587654114,-0.7910687327384949,0.6939478516578674,-0.5810731053352356,-0.42519456148147583,0.06857623904943466,-3.9858336448669434,-14.682104110717773,0.6529760669269759,0.7177793656059953,0.9044732731255107,0.6278005574970347,0.6671989093626746,0.8736032050179804,0.7961228564592178,0.5586312696766331,0.9554787361255279,0.8332263043694794,0.9985487934342187,0.5440148442704361,0.6827710685194648,0.9937608510909469,0.6576211040898948,0.9999766851688068,0.5696284714062033,0.7238992020767671,0.9984065384171081,0.6839262181645334,0.9984720956145747,0.6406584215325889,0.7578485492093443,0.9997995580682661,0.7266861812650278,705808380865
-106.51940155029297,321.0404052734375,102.23306274414062,0.027636496350169182,0.6102905869483948,-0.7916954159736633,0.6931149363517761,-0.5823909640312195,-0.42474982142448425,1.6873087882995605,-4.014787673950195,-13.315413475036621,0.6528625502219774,0.7176703355761522,0.9045074292526148,0.6278180020858435,0.6673037054426557,0.8732910386032168,0.796090438723223,0.559009835616842,0.9558071776635259,0.8342617617449634,0.9985016265660579,0.544067154452192,0.683145586366964,0.9935601701956943,0.6576074489386021,0.9999684830965206,0.5696289555410968,0.7240235432388157,0.9983207287312342,0.6839107639912675,0.9984194906492581,0.640385682163303,0.7576173030477817,0.9998173673687991,0.7266939079612038,705808389851
-106.4920883178711,320.9460754394531,102.14939880371094,0.028566874563694,0.6082001328468323,-0.7932695150375366,0.6942598819732666,-0.5830236673355103,-0.4220031201839447,3.2636663913726807,-11.270628929138184,-9.995436668395996,0.6526712509486512,0.7180803468906576,0.9048409193145136,0.6282384983840376,0.6669461969507743,0.8727689819163661,0.7964633850302762,0.5590773475204853,0.9559089862870624,0.835243639313293,0.9984753645333403,0.5441968307685636,0.6833831173569503,0.9933158201183148,0.6571458403419501,0.9999618273181892,0.5698491573471148,0.7243014710952002,0.9982110539301788,0.683639697677388,0.9984078786887346,0.6406506807707613,0.7578494681963639,0.999841534237,0.7262371119913389,705808398221
-106.46443176269531,320.8185119628906,101.95565795898438,0.029298044741153717,0.6061850786209106,-0.7947837710380554,0.6960759162902832,-0.5830169320106506,-0.419010192155838,3.1918022632598877,-14.723855972290039,-22.361539840698242,0.6524842723284381,0.7186056796454822,0.9054360024465825,0.628699403459304,0.6667628146367209,0.8726900741549312,0.7959587382537452,0.5594965636516489,0.9562478574228579,0.8372932534063484,0.9984467421845444,0.5443376567010821,0.6837970983952073,0.9930645391066673,0.6568508467210927,0.9999517908758103,0.5700917338146781,0.7246384229062364,0.9980902129004868,0.6834820233016127,0.9983834430819399,0.6410270846570971,0.7581836877742745,0.9998683121462878,0.7258300641945893,705808406885
-106.43872833251953,320.6767883300781,101.75579833984375,0.02918507158756256,0.6056509613990784,-0.7951950430870056,0.6973137855529785,-0.5823177695274353,-0.41792285442352295,2.9355380535125732,-16.182722091674805,-22.82305335998535,0.6524545886725969,0.7188763938155844,0.9055034743406428,0.6293664678795343,0.6664119434242648,0.8737172510525317,0.7944666111961122,0.5600048837839929,0.9564756613181683,0.8384187062013293,0.9984366925828558,0.5444209920954052,0.6844304710740161,0.992964164551242,0.6571510569111407,0.9999489420249492,0.5702431941524307,0.725418259104631,0.9980503671205427,0.6840398363813917,0.9984114863542267,0.6414310553002149,0.7589205482527774,0.9998671773618127,0.7262032269268203,705808415642
-106.39800262451172,320.5079040527344,101.55805969238281,0.029127100482583046,0.6059147119522095,-0.7949962019920349,0.6985679268836975,-0.581204891204834,-0.417377233505249,4.719823360443115,-19.574928283691406,-22.918222427368164,0.6523632490596051,0.7191273241686698,0.9057842851934738,0.6298444313079091,0.6663184261711929,0.875382628089242,0.7922036162272323,0.560701322357355,0.9568894591597055,0.8381353585629937,0.9984961107400756,0.5443746854677738,0.6847016466532353,0.9930905220186494,0.6574371611185674,0.9999533031039,0.5701595826937697,0.7256355604472052,0.9980521502645779,0.6841520649844336,0.9984377317753446,0.6414598414753824,0.7592373256320603,0.9998846541271352,0.7257909549097931,705808424270
-106.37581634521484,320.3316345214844,101.32107543945312,0.028817355632781982,0.6066466569900513,-0.7944490909576416,0.6986866593360901,-0.5806062817573547,-0.4180111289024353,2.578291893005371,-20.483469009399414,-27.54081916809082,0.652119479860893,0.7189666710871,0.9056336786738838,0.6299140406271202,0.6661553862081534,0.8775929250951295,0.7891440106543873,0.5612485684670788,0.9574237563957398,0.8362698709592035,0.9985457187807942,0.5443645514723293,0.6848394806161049,0.993123337992687,0.6573460603760313,0.9999552077081885,0.5701147092155712,0.7257824680314611,0.9980085373261033,0.6839771674325453,0.9984632589679641,0.6416099413602816,0.75964498735719,0.9998956384354469,0.7255826507733906,705808432875
-106.35345458984375,320.15545654296875,101.06475830078125,0.029239067807793617,0.6056765913963318,-0.7951735258102417,0.6985460519790649,-0.5813910961151123,-0.4171544015407562,2.547545909881592,-20.06862449645996,-29.196557998657227,0.6519537152889949,0.7188301363406837,0.9053569622562324,0.6299714529220394,0.6658596553398162,0.8792086978310849,0.7865949176495326,0.561449130261464,0.9579718010859946,0.8339162133071026,0.9985779998945272,0.5443366802287812,0.6846065779746349,0.993233252399895,0.6572674284449972,0.9999549652900847,0.5700426711749177,0.7257918237371377,0.9980136287227284,0.6840755845789195,0.9984517296929051,0.6415109939727206,0.7595020133814075,0.9999078451172647,0.7251605930263062,705808441654
-106.3937759399414,319.9906005859375,100.80502319335938,0.028703026473522186,0.6066317558288574,-0.7944645881652832,0.6969356536865234,-0.5818953514099121,-0.41914018988609314,-4.673347473144531,-19.10566520690918,-30.103946685791016,0.6519559410711276,0.7179473112743903,0.9043335424153855,0.6296703188264309,0.6658657293593525,0.8806104603561611,0.7872161016583188,0.561371701100212,0.9569193813712213,0.8313247805538517,0.9986610532051388,0.5442987380456,0.6850011325523885,0.9932936544192017,0.6572829672285987,0.9999633991567028,0.5698264645880846,0.7262416802953209,0.9979426394834479,0.683864438674319,0.9984698752159821,0.6410640469082275,0.7598872811576683,0.9999392568206958,0.724624356913176,705808450282
-106.40323638916016,319.721923828125,100.4921646118164,0.029049383476376534,0.6061100363731384,-0.7948501706123352,0.6945934891700745,-0.5840734839439392,-0.4199977517127991,-1.0943280458450317,-31.071496963500977,-36.18101501464844,0.6521204509355818,0.7173759507892441,0.9031821852675611,0.6294690278076155,0.6653877504858036,0.881306636141906,0.7896064172193126,0.5604341826062014,0.9551147879928973,0.8268925729157703,0.9987313569472911,0.544246426981321,0.6842611288633247,0.9935109498950411,0.6568080884372308,0.9999749996514574,0.5697361543044118,0.7260346456810935,0.9980062736227251,0.6835004964706858,0.9985127306764662,0.6409044366705265,0.7597049310188838,0.9999477414499384,0.7236750627845876,705808458929
-106.41282653808594,319.4586486816406,100.15229797363281,0.030506297945976257,0.6047528386116028,-0.7958287000656128,0.6913356184959412,-0.5878016948699951,-0.42017167806625366,-1.1079977750778198,-30.4310359954834,-39.281558990478516,0.6521883287628482,0.7166606514054761,0.9024092552900249,0.6287081213218685,0.6655427843195542,0.88237842956746,0.7895363666537734,0.5601894399944672,0.9546035522845909,0.823008946538385,0.9987979226784828,0.5441117578758232,0.6834028480926474,0.9937865830629442,0.6564901097265913,0.9999801025906385,0.5694953803436195,0.725131749141564,0.9980375603077494,0.6826334008359324,0.9984862978560074,0.6400464358989849,0.7583474672524066,0.9999686240012168,0.7217668555929185,705808467581
-106.39130401611328,319.06109619140625,99.7804946899414,0.03233964741230011,0.6014187335968018,-0.7982792258262634,0.6896332502365112,-0.5915359854698181,-0.4177214205265045,2.464186191558838,-45.52812957763672,-42.57942581176758,0.6520997483356079,0.7166901682403226,0.9029480217156403,0.628695341336993,0.6661073500724412,0.8828885614276238,0.7895716034809079,0.5600272495871113,0.954250023214684,0.8216059527734957,0.9988228471100555,0.5440068163193221,0.6831533166461237,0.9940539240737104,0.6570143012564533,0.9999770330668528,0.5693658172651238,0.7244588107519417,0.9981523571829504,0.682949692414371,0.9984334743940724,0.6396855372925796,0.7568558869886455,0.999965297356521,0.7208492474254048,705808476313
-106.36241149902344,318.41876220703125,99.32552337646484,0.032430730760097504,0.5965549349784851,-0.8019167184829712,0.6924294829368591,-0.5920054316520691,-0.4123966693878174,3.323004961013794,-73.8747329711914,-52.325401306152344,0.6519444619037937,0.7171511556284658,0.904188244003017,0.6290570533559622,0.6668651374845803,0.8825449123047069,0.7914344191956871,0.5593177924059111,0.9530504744462397,0.821989371507278,0.9989562790469794,0.544181695331125,0.6834946998989764,0.9942418318600139,0.6568286951430388,0.999987019409373,0.5696269277357345,0.7247722867656269,0.9983758391732049,0.6839057717288464,0.9985345450576771,0.6405486230136034,0.7567813943005537,0.9999319943311521,0.7205860986558547,705808485008
-106.36492919921875,317.7895202636719,98.86328125,0.03187979385256767,0.5924468040466309,-0.8049785494804382,0.6932315230369568,-0.5932883024215698,-0.40919315814971924,-0.2884838879108429,-72.2166748046875,-53.052490234375,0.6520073684530405,0.7169573305446202,0.9045892628611525,0.6292226217216267,0.6677138014066964,0.8827190397880179,0.7946184625039304,0.5588424013374258,0.950814377617732,0.8222649589379208,0.9990802367744311,0.5442626186446059,0.6842380818731327,0.9945030197220274,0.657358201447203,0.9999953034467399,0.5696533774027062,0.7250742152626198,0.9985675767706256,0.6847245110386687,0.9985976079315232,0.6404746559931869,0.756253217881649,0.9999115096715351,0.7201003832308019,705808493721
-106.38214111328125,317.1929931640625,98.42699432373047,0.03101559542119503,0.5901818871498108,-0.8066742420196533,0.6925658583641052,-0.5946093797683716,-0.4084019660949707,-1.9904093742370605,-68.98052215576172,-50.449031829833984,0.6524984642345896,0.7171829040258555,0.9055209626338169,0.6293945878946646,0.6689939839272763,0.8830212392754324,0.796718155530531,0.5582185472979276,0.9490922157014883,0.8211157667234378,0.9991365201056412,0.544193438872947,0.6839887857513016,0.994843968541931,0.6578825359684485,0.9999989440362576,0.5696593930310214,0.7249062136193986,0.9987508404493595,0.6852951612709416,0.9986652794397458,0.6403631795960631,0.7554869702811728,0.9998694233803812,0.7198402554352582,705808502369
-106.39364624023438,316.3829345703125,97.91507720947266,0.030177293345332146,0.5862482190132141,-0.809569239616394,0.6955013275146484,-0.5940276384353638,-0.40423884987831116,-1.3246632814407349,-93.25753021240234,-58.93620681762695,0.6529984511061289,0.7182502986341921,0.9065214166047508,0.6300638466356195,0.6691118259116166,0.8809346704689788,0.8018411758619908,0.55685388852662,0.9468821865905102,0.819260859048211,0.9991020615683125,0.5440963845944897,0.6822289804059753,0.9952639460317373,0.6581161259944236,0.9999992025394315,0.5697139209351721,0.7240978608600823,0.9990147234658506,0.6865619600283902,0.9986961339925231,0.6407505288468613,0.7543236453677318,0.9997750179469056,0.7200915377321133,705808511055
-106.36873626708984,315.51849365234375,97.32991027832031,0.02820965275168419,0.5836395621299744,-0.8115227222442627,0.7002052068710327,-0.5909259915351868,-0.4006483554840088,2.8958706855773926,-100.494140625,-68.02706909179688,0.6534844655957498,0.7190413936532434,0.9072470814275245,0.6306268786275216,0.6692805843962211,0.8793553774305527,0.8054380056887622,0.5558476703027114,0.9452589672263956,0.8187602459111388,0.9991493839451584,0.5441071876899747,0.6813465788878036,0.9955967336369271,0.6581302456980509,0.9999997973898671,0.5698803691348526,0.7239850731416234,0.9992175254359048,0.6875551000769714,0.9987985406130779,0.6413808761655863,0.754200770059736,0.9996800533387146,0.7202280503038795,705808519657
