Palm Center x,Palm Center y,Palm Center z,Palm Direction x,Palm Direction y,Palm Direction z,Palm Normal x,Palm Normal y,Palm Normal z,Palm Velocity x,Palm Velocity y,Palm Velocity z,Thumb Deviation 1,Thumb Deviation 2,Thumb Deviation 3,Thumb Joint Angle 1,Thumb Joint Angle 2,Index Deviation 1,Index Deviation 2,Index Deviation 3,Index Joint Angle 1,Index Joint Angle 2,Index Angle from Prev,Middle Deviation 1,Middle Deviation 2,Middle Deviation 3,Middle Joint Angle 1,Middle Joint Angle 2,Middle Angle from Prev,Ring Deviation 1,Ring Deviation 2,Ring Deviation 3,Ring Joint Angle 1,Ring Joint Angle 2,Ring Angle from Prev,Pinky Deviation 1,Pinky Deviation 2,Pinky Deviation 3,Pinky Joint Angle 1,Pinky Joint Angle 2,Pinky Angle from Prev,Time Stamp
-14.892613410949707,115.7403335571289,26.1341552734375,0.22621837258338928,0.29253309965133667,-0.9291122555732727,0.9691089987754822,0.028617121279239655,0.24496686458587646,0.5244864225387573,1.5332279205322266,2.0197532176971436,0.7266353752043856,0.6439116979006835,0.6216389005452866,0.5811766692165795,0.5755757294948319,0.7635010278546229,0.9659298546027962,0.7171265175269536,0.8794584331590586,0.6875548491789332,0.7538615209233844,0.7732369436735778,0.9599206584536679,0.691771250294037,0.8769913645713716,0.7000519302953059,0.541535961682059,0.7582762070802336,0.9599086783323804,0.6710175223937247,0.8910379344224715,0.7226956235357554,0.541019564034744,0.7389024925343685,0.9852401584178577,0.7300972290384635,0.8714603527863785,0.7217131784751778,0.5411451366596625,57137947513,Left hand
-14.888798713684082,115.75914764404297,26.130239486694336,0.2264884114265442,0.2929021120071411,-0.9289302229881287,0.9689884185791016,0.028998151421546936,0.24539871513843536,0.44110068678855896,2.1754305362701416,-0.45277103781700134,0.7265715162339785,0.6439319205966234,0.6217304073905185,0.5811741955846602,0.5754861120835731,0.7634132965939273,0.9660020630635171,0.7172487222698942,0.8794141933975494,0.6875572088099818,0.7535332041120999,0.7733380560778532,0.9598609856411393,0.691739763544427,0.876993471565872,0.6999889125899863,0.5415410970051276,0.7584271197117916,0.9598389013112231,0.6709084906024979,0.8910110721405267,0.7227012632613505,0.5410171681927082,0.7390120322720799,0.9851898177154265,0.7297648132843618,0.8714839203334371,0.7219238973770189,0.5411486130406786,57137956161,Left hand
-14.890315055847168,115.80461883544922,26.15850067138672,0.2268332690000534,0.2930730879306793,-0.9287921190261841,0.9688612222671509,0.029300721362233162,0.24586471915245056,-0.17526938021183014,5.255792617797852,3.2668075561523438,0.7264941066774939,0.643954025858361,0.6217876687124518,0.5811376723820816,0.5753470616459249,0.763172188258473,0.966278638585184,0.7176786310294376,0.8791702948150069,0.6876129423679787,0.7530822835099897,0.7733167067572492,0.9600056656433548,0.6921471834075352,0.8767906601387595,0.6998101510740399,0.5415455608352884,0.7584766319467348,0.95996603486422,0.671240204385506,0.8907774947295451,0.7225469467850955,0.5410140374967699,0.7390568215670877,0.9852332244071084,0.7299186266658354,0.871325069760359,0.7218749432360372,0.5411485041086183,57137964812,Left hand
-14.880178451538086,115.79613494873047,26.13467788696289,0.22701451182365417,0.29336974024772644,-0.9286541938781738,0.9687581658363342,0.029749881476163864,0.24621638655662537,1.1676901578903198,-0.9771047830581665,-2.7442543506622314,0.7263822959454346,0.6440050076192926,0.6219157268760428,0.5810851476339406,0.5752284497658631,0.7631154250253054,0.966409975261675,0.7179967768751079,0.8789956974129604,0.6875257667301177,0.7526591968080854,0.7734347009381891,0.9600277663374431,0.6923318072491568,0.876649218340139,0.6996578715046694,0.541551268498901,0.7586460900458759,0.959964781551223,0.6713673894499648,0.8906342941798886,0.7224078327537414,0.5410109561878329,0.7392355894519296,0.985210178279051,0.7298606557673348,0.8712179797105712,0.7218781700810596,0.5411484934263289,57137973493,Left hand
-14.86963939666748,115.8116226196289,26.137666702270508,0.22711242735385895,0.2936325967311859,-0.9285471439361572,0.9686768054962158,0.03020882047712803,0.2464805692434311,1.216768503189087,1.7881947755813599,0.34493622183799744,0.7262781666064023,0.6440478586770335,0.6220398442489238,0.5810477465060796,0.5751008634898569,0.7629953461340038,0.96658560174207,0.7183494581758779,0.8788059704972863,0.6874835872101362,0.7522140637135071,0.7735182157597866,0.9600696908824919,0.6925520233934349,0.8765091194424052,0.699502754966626,0.5415573230044171,0.7587971578680982,0.9599708014954781,0.671488790669275,0.8904944254428075,0.7222862251655074,0.5410065740326206,0.7394078870548465,0.9851719852396716,0.7297404937173735,0.8711498869863072,0.7219002018873582,0.5411476714541071,57137982155,Left hand
-14.866983413696289,115.82511138916016,26.127803802490234,0.22724661231040955,0.29400062561035156,-0.9283978939056396,0.9686049222946167,0.030455386266112328,0.2467326670885086,0.30560246109962463,1.5522648096084595,-1.1349809169769287,0.7262011250348805,0.6440720209536425,0.6221326912261702,0.5810311365685302,0.5750021367334065,0.7628742015513079,0.9667607339584372,0.7186999776587946,0.8786129707446667,0.6874396297908084,0.7518397111766761,0.7736191708101035,0.960083473407586,0.6927075947035718,0.8763959020115993,0.6993668300370889,0.5415651818828539,0.7589704741363112,0.9599269892802389,0.6715412935318634,0.8904114758339852,0.7221591400077433,0.5410023527737007,0.7395821360971377,0.9851115256307439,0.7295608034466601,0.8711412122192919,0.7219286609224652,0.5411484101828911,57137990844,Left hand
-14.8483304977417,115.82390594482422,26.119609832763672,0.22734369337558746,0.2943437993526459,-0.9282653331756592,0.9685562252998352,0.030580740422010422,0.2469082772731781,2.132502555847168,-0.1376221925020218,-0.9368701577186584,0.7261388417589896,0.6440956949712591,0.6222340691950544,0.5810303818264482,0.574936396860724,0.7629019866848973,0.9667702466211593,0.7188065494917316,0.8785653424863747,0.687349098020367,0.7516206068678665,0.7737929235531572,0.9599882411786194,0.6926477976695716,0.8763863122174638,0.6992738173241237,0.5415727267043752,0.7591530042872413,0.9598133852847578,0.6714130610081401,0.8904234881524233,0.7221137806058654,0.5410012032430793,0.7397200032384356,0.9850340001746883,0.7292431231563423,0.8712074804050252,0.7220534409412952,0.5411525201711567,57137999591,Left hand
-14.855467796325684,115.85920715332031,26.131532669067383,0.2274816483259201,0.2945946455001831,-0.9281519651412964,0.9685162305831909,0.030544789507985115,0.24706944823265076,-0.8203101754188538,4.056883811950684,1.3702542781829834,0.7260895695829646,0.6441234416707442,0.6223071146695829,0.5810142520799912,0.5748567911726237,0.7628666191077502,0.9668618664977096,0.7190383041243203,0.8784343240686224,0.6872763983982025,0.7514042008052179,0.7738936559324542,0.9599750695295937,0.6927303315763471,0.876314390123244,0.6991676714496489,0.5415777104962586,0.7592955627896444,0.9597510907293607,0.6714150956875093,0.8903952613804832,0.7220118190483941,0.5409986884159618,0.7398701466196136,0.9849627568059096,0.7290608424432597,0.8712537769903921,0.7220619504605261,0.5411526619198688,57138008292,Left hand
-14.844734191894531,115.8856201171875,26.12444496154785,0.22768758237361908,0.29518061876296997,-0.9279152750968933,0.9684552550315857,0.030446646735072136,0.2473205327987671,1.2420315742492676,3.0559287071228027,-0.8200335502624512,0.7260760114632053,0.644108902267741,0.6223387949424457,0.5810503435485644,0.574807164316992,0.7627904609153492,0.9670189438248042,0.7193792519059297,0.8782239076907805,0.6872077680647909,0.7512921160393484,0.7739671870431852,0.96000106681892,0.6929040609684989,0.8762061731423765,0.6990326133094834,0.5415840833247341,0.7594138606819049,0.9597358633523859,0.6715186596263106,0.8903200548528181,0.7218781940098821,0.5409965746119632,0.7399553301342986,0.9849258530860645,0.7289288560709583,0.8712732561322961,0.7221059410584019,0.5411561099801563,57138016934,Left hand
-14.8352632522583,115.90811157226562,26.113651275634766,0.22777962684631348,0.2958066165447235,-0.9276933073997498,0.9684120416641235,0.03045574016869068,0.24748863279819489,1.0978240966796875,2.6077942848205566,-1.2511863708496094,0.7260534454037518,0.644103545766601,0.6223623534058105,0.5810639568567807,0.5747302334848046,0.7628212500203675,0.9671294220720809,0.7196964570925835,0.8779962500104402,0.6870845930200448,0.7512593994986632,0.7741769685792632,0.9599755937842687,0.6930248616693511,0.8760554030517774,0.6988688480277196,0.5415943575917523,0.7596206284033759,0.9597011667090259,0.6716197127214937,0.8901962965032192,0.7217158224961873,0.5409980139185918,0.7400741923654531,0.9849075761904702,0.7288528103189769,0.8712165623338156,0.7221455701222425,0.5411634763569626,57138025561,Left hand
-14.840946197509766,115.96293640136719,26.098054885864258,0.22779996693134308,0.2963736057281494,-0.9275073409080505,0.9683601260185242,0.030740495771169662,0.24765634536743164,-0.6551708579063416,6.3211750984191895,-1.798298716545105,0.72595722941453,0.6440982701175346,0.6223607231236766,0.5810038923375876,0.5746319203708097,0.762770564938435,0.9674197675004778,0.720386143829562,0.8775369814423851,0.6869155097350083,0.751067197910557,0.7742603666630727,0.9601660412468259,0.693640724402829,0.8756837910631121,0.6985527804276556,0.5416037747200789,0.7597234164022271,0.9598898884500667,0.6722310788333197,0.8898272321394911,0.7213614390344417,0.5409990393019152,0.740139249307044,0.9850149199545879,0.729357228496236,0.8708900597875131,0.72191026768744,0.5411656232938741,57138034234,Left hand
-14.854025840759277,116.00414276123047,26.08995246887207,0.22791270911693573,0.29688331484794617,-0.9273166060447693,0.9683113694190979,0.030778780579566956,0.24784217774868011,-1.5126599073410034,4.764998912811279,-0.937009871006012,0.7258688588159874,0.644048548357757,0.6223200208223915,0.5809813349407579,0.5745530457043624,0.7624518892019703,0.9679211139903576,0.7213464107565835,0.8769583554172281,0.6868571116604428,0.7507207728301248,0.774108894443536,0.960532726254578,0.6944972910661629,0.8752482156743493,0.6982804449700165,0.541608720668854,0.7596272946521075,0.9601931882161425,0.6730092395027316,0.8894587025167118,0.7210155120127097,0.5409978067677381,0.7400705596025153,0.9851448398776074,0.7299582077558271,0.8706246378099992,0.7216303504296004,0.5411630524928738,57138042881,Left hand
-14.862869262695312,116.05061340332031,26.076536178588867,0.228047177195549,0.2974196970462799,-0.9271116256713867,0.9682942628860474,0.030459389090538025,0.247948557138443,-1.0181034803390503,5.3499579429626465,-1.5445129871368408,0.7258608063698686,0.6440245923371638,0.6222435154600899,0.580956403908898,0.5745007326885218,0.7622634504631312,0.9683323874498544,0.7223041474326874,0.8764094793100368,0.6866502326483259,0.7506222618083036,0.7740415056206713,0.9608311232483393,0.6952183852368118,0.8748383887833558,0.6980355193132926,0.5416118428308629,0.7596311484455577,0.960377781691182,0.6736215857357857,0.88918299041287,0.7206599167181093,0.5409958445201651,0.740119245918163,0.985190782783731,0.7303750066553507,0.8704811429964499,0.7213361783331613,0.5411590732428428,57138051567,Left hand
-14.887357711791992,116.12919616699219,26.060834884643555,0.22807659208774567,0.2978977859020233,-0.9269509315490723,0.968298614025116,0.030216742306947708,0.24796108901500702,-2.826810359954834,9.071368217468262,-1.8124676942825317,0.725873828907101,0.6440223549902969,0.6222064119758473,0.5809458985968741,0.5744632687655371,0.7618549929454237,0.9688330346437135,0.7232228392452467,0.8758995643316098,0.6866433283404151,0.7503664496040536,0.7738834459941288,0.9611317622370702,0.6958982580995772,0.8745054397709277,0.69783785423942,0.5416176319043764,0.7596525714432324,0.9604687731911565,0.6740439388146522,0.8890321959707409,0.7203565617932901,0.5409871418518712,0.7402792057035269,0.9851136313920603,0.7304233991708851,0.8705406625221804,0.7210920020293765,0.5411494688432315,57138060230,Left hand
-14.918083190917969,116.18769073486328,26.032751083374023,0.22808727622032166,0.29865866899490356,-0.9267033934593201,0.9682886600494385,0.030079727992415428,0.24801667034626007,-3.5401949882507324,6.73954439163208,-3.2357869148254395,0.7258777172540768,0.6440523784096502,0.6221776320975758,0.5808956663681435,0.5743508469629637,0.761260881835782,0.9696241398743835,0.7247536039719669,0.8750315969905279,0.6865722871568208,0.749906594874087,0.7736403065390022,0.9617017468335939,0.6972111975999454,0.873820209925458,0.6974489834682783,0.5416277773230681,0.7596175875389707,0.9608178141565266,0.6750959103020293,0.8885399490751573,0.7198007662095727,0.540976959808692,0.7403896117128659,0.9851697467336149,0.7310744353667495,0.8703049336264885,0.72057641033265,0.541138626861108,57138068909,Left hand
-14.952893257141113,116.24201965332031,26.00067901611328,0.22778160870075226,0.29922473430633545,-0.9265959858894348,0.9683668613433838,0.029961561784148216,0.2477254420518875,-3.8527965545654297,6.013283729553223,-3.5498971939086914,0.725902016835552,0.6440433824727044,0.6221315921628202,0.5808954162351772,0.5743118847163373,0.7608409782656699,0.9701758618449858,0.7258981186595087,0.8744191099416375,0.68645906121117,0.7497309154319801,0.7734741878624505,0.9620579899052556,0.698031042178779,0.8734002675605594,0.697210610666572,0.5416362112135705,0.7595583843168696,0.9610349507122014,0.6758016761701042,0.888266266750269,0.7194030160950515,0.5409712023385975,0.7404087620755916,0.9852132133621818,0.7315698543701816,0.8701841735819864,0.7201844160183317,0.5411333009732366,57138077944,Left hand
-15.001809120178223,116.27609252929688,25.963481903076172,0.2275138795375824,0.2995894253253937,-0.9265438914299011,0.9684569835662842,0.029690010473132133,0.24740567803382874,-5.892779350280762,4.10518217086792,-4.480905055999756,0.726000776885593,0.6440345623033144,0.6220374140325636,0.5809120660735504,0.5743378569470977,0.7603655228309693,0.9707183108570374,0.7270070964940984,0.8738717301291192,0.6863771181535565,0.7496263731834868,0.7730823187033062,0.9624953486588748,0.6988454285424345,0.8730507785989762,0.6971139164132909,0.5416332649367013,0.7592796094050893,0.9613147022284416,0.6765228086275734,0.8880910250217124,0.719097218265967,0.5409651796297588,0.7403020809395708,0.985272481698873,0.7321287395114252,0.8701493250635152,0.7197752003691169,0.5411206778469287,57138086245,Left hand
-15.040621757507324,116.26834869384766,25.918066024780273,0.22727371752262115,0.29991891980171204,-0.9264962673187256,0.9685987234115601,0.02887062169611454,0.24694743752479553,-4.379204273223877,-0.8738111853599548,-5.124283790588379,0.7261175716573354,0.6440735577370283,0.6219959408866197,0.5809181769874573,0.5743287821345386,0.7598459252229534,0.9712990094886473,0.7281619778005772,0.8732764508947525,0.6863246819101471,0.7494348648251747,0.7727406229075815,0.9628491028658045,0.6994694272993967,0.8727847293220267,0.6970706979830213,0.5416332963133893,0.7590505178669973,0.9614211056391615,0.6769431437523022,0.8881386485088243,0.7188302661939054,0.5409572741956015,0.740340031023562,0.9851757694499516,0.7322687154787954,0.8703793603941415,0.7193870193154098,0.5411038017830802,57138095108,Left hand
-15.085599899291992,116.23869323730469,25.865121841430664,0.22703319787979126,0.3002188503742218,-0.9264580607414246,0.9687269926071167,0.028180928900837898,0.2465234398841858,-5.271015167236328,-3.4759469032287598,-6.204702377319336,0.7262850333917019,0.6441451196018734,0.6220241409437814,0.5809616429088557,0.574411738400998,0.7592655098075605,0.9717959441367928,0.729174509475701,0.8728791886943618,0.686261233424242,0.749251533762496,0.7722507223423442,0.9631321688172848,0.6998332551789026,0.8727643786041899,0.697171239323549,0.5416255501686633,0.7586221536769859,0.9615055958372725,0.6772068922928053,0.8883998241410372,0.7186998263290686,0.5409526571686221,0.7401967949093406,0.9850799221041023,0.7323207008711946,0.8707920192079871,0.7191026677493091,0.5410849727677348,57138103641,Left hand
-15.142066955566406,116.22826385498047,25.814247131347656,0.22634382545948029,0.3003059923648834,-0.9265984892845154,0.9688995480537415,0.02825932390987873,0.2458355724811554,-6.500259876251221,-1.1998549699783325,-5.8563947677612305,0.726322827810443,0.6442516372191548,0.6221703782807584,0.5809455193380527,0.5744956707628656,0.7590646755374422,0.9720270121256723,0.7299830388607372,0.8726184194683099,0.6859073624674545,0.7490210065727692,0.7719731825797708,0.9632657542346057,0.7000313741255271,0.8727909412894211,0.6971882384719013,0.5416150230467629,0.7583298093936869,0.9615290199864194,0.6773661005132522,0.8886335310734523,0.7185793861030896,0.5409515260219169,0.7401503755430087,0.985026730155067,0.7324864848531991,0.8710018596505237,0.7188157246235363,0.5410693678274906,57138112328,Left hand
-15.201401710510254,116.18748474121094,25.771007537841797,0.22567801177501678,0.3004140257835388,-0.9267258644104004,0.9691295623779297,0.027716919779777527,0.24498915672302246,-6.873014450073242,-4.7244768142700195,-5.0085601806640625,0.7264722643114532,0.6443652568622495,0.6222868916089352,0.5809796177290403,0.5746311736528165,0.758937588022695,0.9721125661772533,0.7303475162805964,0.872555114092701,0.6857034692356057,0.7490406960641837,0.7717665926315479,0.9632487187684221,0.6998260971940117,0.8729963877904072,0.6973556193236503,0.5416039460465277,0.7580065437391099,0.9614514463032189,0.6771971508400798,0.889051807443379,0.7186458229720335,0.5409555361163582,0.7400268227388067,0.9849471063199173,0.7324628021705224,0.8713659146790971,0.7186650442206277,0.5410573267525015,57138120961,Left hand
-15.267621994018555,116.17740631103516,25.736173629760742,0.22505329549312592,0.3003901541233063,-0.9268855452537537,0.9693583846092224,0.027106530964374542,0.2441507875919342,-7.403820991516113,-1.1266528367996216,-3.8946268558502197,0.7266978310381194,0.6444943462960024,0.6223907037189939,0.5810351731335657,0.574822902678656,0.7586488411954534,0.9721760922326987,0.7305419272546271,0.8726885700135878,0.6856251588227978,0.7490954220542464,0.7714083837915346,0.9631866027515981,0.6993781716219873,0.8734142310480159,0.6976910737448773,0.541591658305773,0.7575618442349155,0.9613171004545725,0.6768035104358173,0.8896639604695804,0.7188612848573523,0.5409603631359154,0.739850679745792,0.9847921569335424,0.7321323485241624,0.8719813245185332,0.7186432686890513,0.5410404708876674,57138129905,Left hand
-15.333698272705078,116.17085266113281,25.702417373657227,0.22436434030532837,0.3002190887928009,-0.9271079301834106,0.9695656299591064,0.0268983393907547,0.2433495968580246,-7.868173122406006,-0.7803786993026733,-4.019591808319092,0.7269593669519324,0.6447045786314991,0.6225277637040225,0.5810374183539747,0.5749571261165792,0.7584280234191885,0.9721395723372702,0.7304599308192873,0.8729494049138435,0.6856262800396195,0.7491258856298341,0.7712171881571398,0.9629738603631078,0.6986820212515816,0.8739252188957002,0.6980252395667961,0.541585570365867,0.7572954447471721,0.9610511340764212,0.676174035590587,0.8903161366284701,0.7191093565768008,0.540964000813586,0.7398256544400162,0.9845760889624482,0.7315998978791551,0.8725990114133609,0.7186680846556277,0.5410257053080109,57138138303,Left hand
-15.40582275390625,116.1563949584961,25.68683624267578,0.22394339740276337,0.29966315627098083,-0.9273895621299744,0.9696840643882751,0.026964934542775154,0.24286961555480957,-8.127617835998535,-1.6290498971939087,-1.75586998462677,0.7272452480526105,0.6450112013322425,0.6227257235409432,0.5809734079923179,0.5750669288104618,0.7580244295741563,0.9721562209964763,0.7303550162199234,0.8732859413913584,0.6857528439431055,0.7489066724790191,0.7709457580379708,0.9627698858239743,0.6979001495365134,0.8744936541890038,0.6984625907282522,0.5415824262587725,0.7570597333822734,0.9607388232828049,0.6754283486791353,0.8910071385922059,0.7194076479302244,0.5409615120766436,0.7399711579236582,0.9842656332114613,0.7308712043599682,0.8732848857820537,0.71865997988514,0.5410016936373072,57138147177,Left hand
-15.478202819824219,116.1338882446289,25.668872833251953,0.22364263236522675,0.2987365126609802,-0.9277610182762146,0.9698070883750916,0.02677384577691555,0.2423992156982422,-8.539371490478516,-2.6549060344696045,-2.1192314624786377,0.7275861519979663,0.6453137234740683,0.6229063602159108,0.5809383133603302,0.5752691814390256,0.7575347845445304,0.9721523862804532,0.730208457091769,0.8737470589268086,0.6858844706813391,0.7488196829901582,0.7704207417333074,0.962642192237771,0.6971777692178547,0.8751690639135102,0.6989697768641693,0.5415674096479695,0.7565284616722339,0.9605737918804446,0.6748065281581158,0.891730989370313,0.7198188268840839,0.5409634156450672,0.7398020587741657,0.9840687075766261,0.7304739609004314,0.8739899700699201,0.718612507796577,0.5409777112515125,57138155653,Left hand
-15.554024696350098,116.09752655029297,25.64419937133789,0.2234613448381424,0.29798033833503723,-0.9280478358268738,0.9698787927627563,0.026731645688414574,0.2421167641878128,-8.73528003692627,-4.189332962036133,-2.8427112102508545,0.727881203416092,0.6456632382165278,0.6231433120358004,0.5808494028300736,0.5754144028263105,0.7570251658401776,0.9721272683450212,0.7298896335741021,0.8742591960125033,0.6861368045186695,0.748500713026512,0.7701098577916471,0.9622864235539694,0.6961170494760314,0.8760121429040907,0.6994398280421741,0.5415638470792428,0.7562586701123545,0.9601264528201667,0.6737605742546491,0.8926498956834064,0.7202282113933769,0.5409605667175209,0.7399663045745526,0.9836929478556609,0.7296103918214327,0.8748166062322926,0.7186038254158786,0.5409519369727468,57138164333,Left hand
-15.617417335510254,116.06710815429688,25.62986183166504,0.2232854962348938,0.2967865765094757,-0.9284725785255432,0.9699690937995911,0.02660396695137024,0.24176883697509766,-7.325990200042725,-3.5155224800109863,-1.656859278678894,0.7282710977509355,0.6460172604619193,0.6233488288487158,0.5808012406687585,0.5756012183132252,0.7566024553797622,0.9719307342669422,0.7292320270661296,0.8750166983195372,0.686400701447153,0.748315415392095,0.7696966904963266,0.9618601577714223,0.6948767936562211,0.8770577487480353,0.6999826500453032,0.5415526449743795,0.7558481934532654,0.9596706967562972,0.6725958758708137,0.8936916280297906,0.720753794696241,0.5409607699388144,0.7400247449934987,0.9832859502831388,0.7286223392427884,0.8757933679363793,0.7186468572724005,0.5409240389349963,57138172986,Left hand
-15.680030822753906,116.02693939208984,25.594463348388672,0.22295081615447998,0.29581958055496216,-0.9288614988327026,0.97008216381073,0.026597466319799423,0.24131548404693604,-7.251161098480225,-4.651534557342529,-4.099441051483154,0.7285509469802718,0.6463761086746842,0.6235779328564082,0.5806855527904515,0.5757297226428373,0.7566296645204741,0.9714840564438616,0.7281618139348546,0.8758197544006846,0.6865996320478917,0.7482926154516842,0.7698574659318013,0.9611159753594324,0.6932305303956121,0.8780802702240862,0.7004233306435971,0.5415527978796703,0.7559955611139807,0.9588403157189946,0.6709481484350408,0.8947900636148609,0.7212020704933859,0.5409588635582101,0.7404742470759149,0.9826926395786443,0.7271006681580778,0.8768124200758091,0.7187886896848951,0.5409096944952794,57138181621,Left hand
-15.728545188903809,115.98252868652344,25.56563377380371,0.22253435850143433,0.29472601413726807,-0.9293088912963867,0.9701842665672302,0.026940438896417618,0.2408665120601654,-5.608597278594971,-5.134333610534668,-3.3328323364257812,0.7287017692771024,0.6467710580700669,0.623849419803092,0.5804626640173334,0.5757549531104,0.7570003816047135,0.9708488720870376,0.7268956443768795,0.8766484410825189,0.6866547231195587,0.7482135542244452,0.7703734687208874,0.9602066587333928,0.6915002177160858,0.8790275067077274,0.700699413857067,0.5415587443920887,0.7564981954299637,0.957846521529132,0.6692036902964876,0.8957983968235169,0.7215073879558812,0.5409546583918396,0.741262128551361,0.9820043977275782,0.72543911400889,0.8777023601111692,0.7188732624420809,0.5408967140977038,57138190271,Left hand
-15.77309513092041,115.91288757324219,25.516332626342773,0.22215206921100616,0.293497771024704,-0.9297889471054077,0.9702551960945129,0.02753770351409912,0.2405131310224533,-5.089666366577148,-7.956380844116211,-5.632554531097412,0.7287862305452518,0.6471146534578691,0.6241127229663235,0.5802581128403863,0.5756790658490287,0.7576068339040709,0.9701475218955357,0.7255366538554289,0.8773644313831714,0.6866917110740696,0.748152680107965,0.7710350858879912,0.9593431428631763,0.6899700025307931,0.8797603768218039,0.7008678795388708,0.5415674546374981,0.7571011058220072,0.9569338172695055,0.6676817987122581,0.8965792901451523,0.7217131887984356,0.5409514225513159,0.742126824331054,0.9813575235449081,0.7239536528471354,0.8783575962175771,0.7188765328526413,0.5408882418061787,57138199024,Left hand
-15.816099166870117,115.81704711914062,25.45645523071289,0.22202128171920776,0.2923806309700012,-0.9301720857620239,0.9702686071395874,0.028029102832078934,0.2404022365808487,-4.945312023162842,-11.02132797241211,-6.885641098022461,0.7289893850491141,0.6474099478285784,0.6243333282037973,0.5801732317964001,0.5756804337992144,0.7581480467929534,0.9693746572567097,0.7239031955252122,0.8782457250966389,0.6868752606303362,0.7482526811844937,0.7715704463844255,0.9584087357255867,0.6881434324356682,0.8807000286499979,0.7012453631911179,0.5415745931236168,0.7575811600216433,0.9559337844067629,0.6658495293583702,0.8975732218833924,0.7221457850864382,0.5409492179805774,0.7428235410444988,0.9806759462871991,0.7221289282059403,0.8792124428276871,0.7191725752601883,0.540883218924474,57138207720,Left hand
-15.846264839172363,115.71479034423828,25.397602081298828,0.22179563343524933,0.2910597324371338,-0.9306400418281555,0.9703666567802429,0.027973923832178116,0.24001242220401764,-3.49703049659729,-11.8541259765625,-6.822770118713379,0.7291151276659039,0.6476414316727003,0.6245383471369628,0.5801052263783758,0.5756618922361952,0.7594091832679285,0.9679737731344216,0.7212622790350096,0.8795388125948654,0.6869448961413602,0.7488268682754965,0.772698798019548,0.9568747226666722,0.6854459606717714,0.8819849459579635,0.7016010871440409,0.5415842872720549,0.7584420802797087,0.9544175996080349,0.6632012504212249,0.8989344410511054,0.722705660502367,0.5409542198787446,0.7437242235240143,0.9797627422568829,0.7195735191602738,0.8803339946799843,0.7197270245499638,0.5408921070092776,57138216346,Left hand
-15.88880729675293,115.6227798461914,25.348642349243164,0.2217569798231125,0.2901076376438141,-0.9309465289115906,0.9703854322433472,0.02813147008419037,0.2399180829524994,-4.887706756591797,-10.57104778289795,-5.625044345855713,0.7293588335105033,0.6478642966405944,0.6247664498358018,0.5801457863300994,0.5757389349369039,0.7600551299387357,0.9669773160467233,0.7191190312489644,0.8806469564816874,0.6872792521839142,0.7490802917655661,0.7731659554931117,0.9557681409561585,0.683390665734697,0.8831970582403592,0.7020056399729445,0.5415890197903057,0.7587233739397676,0.953336987419782,0.661188887401576,0.9001607663210585,0.7232773578050613,0.540958901306956,0.7441832415090601,0.979029723521277,0.7174564660357586,0.8814314725897832,0.7202676833198114,0.5408922063574795,57138225050,Left hand
-15.93288803100586,115.50689697265625,25.290746688842773,0.22166499495506287,0.2900948226451874,-0.9309723973274231,0.970406711101532,0.02815910428762436,0.23982881009578705,-5.093712329864502,-13.391181945800781,-6.689969539642334,0.7296184670312089,0.6480198696977014,0.6249858918694854,0.580278689481286,0.5758806524807235,0.7607926809212595,0.9658822312198526,0.7166542170431182,0.8818005767646947,0.6877789296815433,0.7495414154926598,0.7738921014030489,0.9543576885376261,0.6808422517439514,0.8845939027784786,0.7024866977183996,0.5416036276545172,0.7591764056866236,0.9519819749928652,0.6587264789484576,0.9015925562539058,0.7239749642337064,0.5409677586169062,0.7445428270292098,0.9782844617993418,0.7149628200350463,0.8826144872043757,0.7212097798369441,0.5409090875674198,57138233704,Left hand
-15.978541374206543,115.40103912353516,25.244653701782227,0.2217971533536911,0.29030972719192505,-0.9308739304542542,0.9703660607337952,0.028169622644782066,0.23999205231666565,-5.245682716369629,-12.162753105163574,-5.296278953552246,0.7300483743659266,0.6482705910156452,0.6252478347232936,0.5804363103460437,0.5760992929764897,0.7613539228502061,0.964922311452202,0.714374623257378,0.8828577897219019,0.6883571433787337,0.7500131628569422,0.7743365099523207,0.9531494415601665,0.678574074105808,0.8859225613110107,0.7030251047315222,0.5416119163284074,0.7593814218485396,0.9508138063180455,0.6565396700681392,0.9029581580234692,0.7246853863053289,0.5409778563168074,0.7446902075903838,0.9775997180815499,0.7125912963761517,0.8838424832036373,0.7221928710208281,0.5409229636796464,57138242407,Left hand
-16.029348373413086,115.29376220703125,25.207916259765625,0.22227303683757782,0.29051002860069275,-0.9306979179382324,0.9702363610267639,0.028186053037643433,0.24051381647586823,-5.860741138458252,-12.375083923339844,-4.237602233886719,0.7305831617477314,0.6485854568066719,0.6255388154908574,0.580608750890458,0.5763378372536262,0.7618646767057211,0.9639944474304275,0.7122796260450238,0.883882569127906,0.6888326435421516,0.7505125423894541,0.7746150661815843,0.952049128417398,0.6764963568297098,0.8872225572795726,0.7035564984097132,0.5416128400489193,0.7593866235717687,0.9498138594059156,0.654597412860163,0.9042522126788336,0.7254041415286933,0.5409909681081639,0.7446668343042842,0.9769762373948336,0.7103767412228917,0.8850891372857506,0.7231781899492492,0.5409338393617724,57138251076,Left hand
-16.07996940612793,115.18492126464844,25.169483184814453,0.22243797779083252,0.2906390428543091,-0.9306182265281677,0.9701744914054871,0.028344111517071724,0.24074485898017883,-5.875884056091309,-12.634245872497559,-4.46122932434082,0.7310969479211687,0.6488847950836162,0.625852516665855,0.580800544237567,0.5765844988015038,0.7622136080577023,0.9631743934164365,0.7102912504481627,0.8848620142656068,0.6894063421440111,0.75094887298981,0.7747291732131191,0.95106007063714,0.6745729911906954,0.8884939724114261,0.7041182088405369,0.5416115559770668,0.7592433906517398,0.948885648382199,0.6527326121109891,0.905558895503567,0.726164852231109,0.5410033720008985,0.7445644575570987,0.976325309541403,0.7080916063881763,0.8864364174988291,0.7242018843191274,0.5409419821167224,57138259691,Left hand
-16.151336669921875,115.09494018554688,25.14900016784668,0.22263535857200623,0.29115399718284607,-0.9304100275039673,0.9700949788093567,0.028492175042629242,0.24104754626750946,-8.184305191040039,-10.318526268005371,-2.3489582538604736,0.7316955192854684,0.6492485039580284,0.626155623779527,0.5809600850262281,0.5768777490291528,0.7620438416631101,0.9627806756450916,0.70887576788495,0.8856088168051612,0.6901255903796212,0.7511174124291358,0.7745488391219663,0.9502447153427882,0.6729068794445284,0.8897686235403623,0.7046829059423121,0.5416143185708051,0.7588792909358543,0.9481096682043999,0.6511026782208882,0.9068474814549894,0.7269095387173456,0.5410150993130064,0.7443358123539099,0.975754232097993,0.7060610265769437,0.8877505795137439,0.7251710411841972,0.5409420134946393,57138268411,Left hand
-16.22733497619629,115.0296859741211,25.137470245361328,0.2226652354001999,0.2917619049549103,-0.9302124381065369,0.970066249370575,0.02854185923933983,0.24115724861621857,-8.765691757202148,-7.5262837409973145,-1.3298300504684448,0.7322035089105016,0.6495162126465038,0.6264216582731047,0.5811567042720912,0.577122874688898,0.7617880651516501,0.9626023789029244,0.7079067569452477,0.8860880346812797,0.6907619673883967,0.7512824070042684,0.7741453677411252,0.9498034431703234,0.6718300626589755,0.8907178936018258,0.7051814093723381,0.5416036990911854,0.7582478246173041,0.9477951701728171,0.6501766568426863,0.9077691561061816,0.7275320455031031,0.5410305209961488,0.7437722651228017,0.9754927599418407,0.70481669405709,0.8887718658431393,0.7259715594789738,0.5409418136276276,57138277081,Left hand
-16.289926528930664,114.976806640625,25.133358001708984,0.2226092368364334,0.29209011793136597,-0.9301228523254395,0.9700511693954468,0.02874823845922947,0.24119332432746887,-7.19284200668335,-6.07682991027832,-0.47256818413734436,0.7326346758840864,0.6498316212271635,0.6267253231793504,0.5812640071753795,0.5772963481600251,0.7615857683197743,0.962468139839258,0.7071103051858446,0.8864576968958477,0.6913102150710871,0.7513203999526569,0.773870386764088,0.949421213878178,0.670907215024498,0.8914720890870624,0.7056074156187863,0.5415961169496749,0.7578271607071315,0.9474724419669813,0.6492832208321934,0.9085231997713171,0.7281094219958987,0.541041149230075,0.7435044198558629,0.9751479867574468,0.7035236356933491,0.8896915033672954,0.7266680582068965,0.5409368822512165,57138285783,Left hand
-16.361515045166016,114.96280670166016,25.141620635986328,0.22248734533786774,0.29278701543807983,-0.9299328923225403,0.9701200723648071,0.028200125321745872,0.24098090827465057,-7.996983528137207,-1.5644478797912598,0.9229929447174072,0.7330859803306621,0.6501168606303878,0.6269628310602398,0.5813796373406557,0.5774779593676493,0.7612929793859273,0.9624109848751125,0.7063171567962323,0.8867876879757075,0.6919839027524994,0.7514777048658116,0.7736464705286572,0.9490652167321612,0.6700811841275665,0.8921436233283491,0.7059725269643421,0.541594404059742,0.7574774038247151,0.9470962450240203,0.6484378255803203,0.9092841718031546,0.7285575899672385,0.5410517480317439,0.7432691644890985,0.9747185903751259,0.7021590052084505,0.8907420009460827,0.7272798535280617,0.5409339867802311,57138294735,Left hand
-16.43324851989746,114.94310760498047,25.140954971313477,0.2224864959716797,0.2935487627983093,-0.9296928644180298,0.970185399055481,0.027357585728168488,0.2408149391412735,-8.62472152709961,-2.3679330348968506,-0.08018334209918976,0.7334440399426913,0.6503526762272627,0.6271548126707269,0.5814660309724256,0.5775629499121686,0.7613245118042824,0.9622254614920196,0.7055075936973648,0.8870294854630542,0.6924663664899222,0.7518694646272447,0.7737441346226366,0.9486739894102297,0.6693356953675597,0.8925804361974079,0.7062020897922625,0.5415941620439814,0.7573658437765778,0.9467525219338288,0.6477832066756838,0.9098098705784307,0.7288358045108925,0.5410667546172435,0.7430994632871971,0.9743841792151516,0.7011581584089305,0.891555985157684,0.7277097426527691,0.5409387367667314,57138303052,Left hand
-16.496614456176758,114.94795989990234,25.141054153442383,0.2225784957408905,0.29443806409835815,-0.9293895959854126,0.9702188968658447,0.02655584178864956,0.24076975882053375,-7.274254322052002,0.5571441054344177,0.011354707181453705,0.7336947179436454,0.6506424929589597,0.627361869567568,0.5814197276045451,0.5775031064995122,0.7610866059914275,0.9624275448615436,0.7052423371892605,0.8869053427329097,0.6930445845204503,0.7518817464717488,0.7738822911271006,0.9485296382584865,0.6690255020500154,0.892653149536051,0.7063259610624717,0.5416079018241058,0.7574912853423112,0.946410445737951,0.6473086984018104,0.9101367049021852,0.7289051278894769,0.541068970213803,0.7432982251179691,0.9739339867051283,0.7001672201061029,0.8922482998411236,0.7279001057079716,0.5409386333865176,57138311763,Left hand
-16.55830192565918,114.94178771972656,25.14417839050293,0.22260473668575287,0.29498621821403503,-0.9292094707489014,0.9702774286270142,0.02575848065316677,0.24062038958072662,-7.140566349029541,-0.7150291800498962,0.36162835359573364,0.7338888686322886,0.6509372022179043,0.6275502417430056,0.5813160932469018,0.5773821139125667,0.7607060843624455,0.9627889705652427,0.7054001564561185,0.8866623475331773,0.6934706171657833,0.7516859957685226,0.77389365961395,0.9485841261745039,0.6690919565291715,0.8925708723213126,0.7063338361344098,0.5416204390042187,0.7575522251937661,0.9462872254271626,0.6472183201751347,0.9102462338622278,0.7288403859515284,0.5410683073101004,0.7435509064845831,0.9735386283914023,0.6995440077926706,0.8927907356297752,0.7278129749685321,0.5409303336862042,57138320402,Left hand
-16.626955032348633,114.97119903564453,25.162851333618164,0.22276683151721954,0.2952497899532318,-0.9290869235992432,0.9703336358070374,0.024697331711649895,0.24050498008728027,-7.904068470001221,3.386711359024048,2.1497721672058105,0.7339591586904937,0.6511841604466849,0.627716455207174,0.5811678909192767,0.5772210671174403,0.760284532027848,0.963259263821369,0.7057987104209363,0.886287403941641,0.69384679536638,0.7514060693704014,0.77392540416436,0.9486998735250416,0.6692758473649704,0.892389093996984,0.706304373245859,0.5416345545771309,0.7576405878569502,0.9461582499087403,0.6472083301638253,0.910339862603821,0.7286718139775741,0.5410665314602702,0.7438891931691893,0.9731010541954277,0.6990243983038265,0.893329327583698,0.7275359836986229,0.5409189439579032,57138329088,Left hand
-16.69841766357422,114.99263763427734,25.172365188598633,0.22293220460414886,0.2954227924346924,-0.9289922714233398,0.9703519344329834,0.024029342457652092,0.24049878120422363,-8.242349624633789,2.472775936126709,1.0974915027618408,0.733970259897341,0.651462378015759,0.6278941432887448,0.5809444216564771,0.5770207240405058,0.7595647246260574,0.964113919286859,0.7069801605349867,0.8855642641540447,0.6940967804940198,0.7507544081830164,0.773631047549198,0.9493339498555906,0.6703929800059479,0.8917961436332077,0.7060304327698,0.5416446448457157,0.7574961703124184,0.9465874360425404,0.6481649261640756,0.9099372986153677,0.7281748202363993,0.5410599584214293,0.7440696645925521,0.9730147260355055,0.6996175491432318,0.893368880520243,0.726744718114259,0.5408998174371671,57138337758,Left hand
-16.768131256103516,115.04781341552734,25.180509567260742,0.2229212522506714,0.29580190777778625,-0.9288742542266846,0.9704158902168274,0.023304302245378494,0.24031217396259308,-8.065065383911133,6.382992744445801,0.9422290921211243,0.7337414013992819,0.6516951554774101,0.6280779451357311,0.5806158188060679,0.5766220554897449,0.7590610357213,0.9649544585294241,0.7082371408376124,0.8846541451263646,0.6942656615192402,0.7499846104885103,0.7739053153381031,0.9498289728523018,0.6715710150572463,0.890890306577719,0.7054940806878922,0.5416766962438132,0.7579880975149972,0.946773217994136,0.6491076302012108,0.9093139158784915,0.7273441320758673,0.5410456697688575,0.7447362901044924,0.9728312601589685,0.7001883294063005,0.8931513834185882,0.7257891268134843,0.5408906990450768,57138346402,Left hand
-16.82743263244629,115.0724105834961,25.180625915527344,0.22291617095470428,0.29587456583976746,-0.9288523197174072,0.9704819321632385,0.022616388276219368,0.2401110827922821,-6.776602745056152,2.810446262359619,0.013125800527632236,0.7334634902543972,0.6518478742369423,0.628231500474696,0.580333973311693,0.5762408323263193,0.7586968941040324,0.9656497803811952,0.7093512387256254,0.8838490942665154,0.6943531398765067,0.7494297203447768,0.774190563499609,0.9502659431724554,0.6726126360377618,0.8900500684811955,0.7050262064382342,0.5417060083414788,0.758446380840095,0.9469268267541295,0.6499072813452906,0.9087526798264949,0.7266341504236922,0.5410342189292714,0.7453435428320508,0.9726295207038269,0.7006019827145501,0.8930027870267574,0.7249590399675764,0.5408836207835175,57138355153,Left hand
-16.890871047973633,115.1236801147461,25.17977523803711,0.22288304567337036,0.29607900977134705,-0.9287950992584229,0.9705645442008972,0.0217920932918787,0.23985327780246735,-7.383383750915527,5.9668288230896,-0.09883981943130493,0.7330187553905989,0.6519944475852052,0.6284298889326027,0.5799648706872942,0.5758505483843793,0.7583478074898443,0.9663716245019454,0.7106110149932748,0.8829703903783052,0.6943516901765503,0.7486559595322408,0.7747183752182036,0.9505270098494297,0.6735540960447017,0.8892315752571179,0.7044072521461736,0.5417494700364734,0.7592230323063871,0.9468173588933776,0.6505156818069863,0.908259048517673,0.7257689957507844,0.5410168370672512,0.7462592132477462,0.972276573795165,0.7008245752791694,0.892854688797174,0.7240459355802444,0.5408784128086777,57138363745,Left hand
-16.93675422668457,115.16378784179688,25.18038558959961,0.22268511354923248,0.2958226501941681,-0.9289242625236511,0.9706897139549255,0.02107873745262623,0.23940995335578918,-3.944171905517578,3.4481561183929443,0.05235639587044716,0.7325372247938204,0.6520619240475857,0.6285821597745391,0.5796413174910879,0.5754565421628988,0.7578914998631228,0.9671483866671109,0.7118902793945434,0.8820865865791866,0.6944451554275402,0.7479835023285172,0.7752346925707387,0.9507122688597565,0.674384385441797,0.8885256356206421,0.7037986410227685,0.5418018923358526,0.759967162082632,0.9466472024681283,0.6509769515461026,0.9078643704470486,0.7249854592185239,0.5410011613723917,0.7470980473538478,0.9719410394667156,0.7010699907547708,0.8927382474324248,0.7231445080672058,0.5408751018410594,57138375378,Left hand
-16.997472763061523,115.20222473144531,25.182279586791992,0.22252482175827026,0.2952084541320801,-0.9291580319404602,0.9708156585693359,0.020337818190455437,0.2389630824327469,-10.333420753479004,6.541316032409668,0.32228609919548035,0.7320468504364792,0.6519382208380811,0.6285496241190172,0.5794295575584119,0.5751838940628238,0.7576583961688796,0.967648444412447,0.7129169432982532,0.8814701739315222,0.6943269628761408,0.7475199937870136,0.7755630809077725,0.9508994427619464,0.6750782016831289,0.8879808334748451,0.7033410126154738,0.5418306476830038,0.7604832619419164,0.9466019057779322,0.651390555591276,0.9074957901536304,0.7244356530205965,0.5409888555483362,0.7476378041496881,0.9718067718391571,0.7014750181805888,0.8925018594543334,0.7224453826043333,0.5408748996706472,57138381254,Left hand
-17.036392211914062,115.25630950927734,25.192115783691406,0.2223263680934906,0.2943781912326813,-0.9294689297676086,0.9709368944168091,0.019797153770923615,0.2385154664516449,-4.567960739135742,6.347360610961914,1.1546661853790283,0.731464836125515,0.6517536465000927,0.6285400208088521,0.5792447953771455,0.5749237748475173,0.7573723385208613,0.9681471682069258,0.7138838951339176,0.8809009713333877,0.6942760051654456,0.7469378576977944,0.7758793437290636,0.9510599897853133,0.6757470338608349,0.8874835454417579,0.7028736058727918,0.5418626863600037,0.7609660239481537,0.9465649658087493,0.6518012860533379,0.9071421878019803,0.7239011073090924,0.5409781785985116,0.7481088934080803,0.9716823217485304,0.7019078845566062,0.8923104822813823,0.7217359661813728,0.5408758178443918,57138389774,Left hand
-17.07359504699707,115.32160949707031,25.206830978393555,0.22205086052417755,0.29393434524536133,-0.9296752214431763,0.9710937142372131,0.01897556707262993,0.23794306814670563,-4.305355548858643,7.557429790496826,1.7028355598449707,0.7309515109617052,0.6515089424428937,0.6284366788002771,0.5791257039398011,0.5746945781669398,0.757067592181135,0.9686816855799215,0.7149110162376948,0.8802740323961119,0.6942328186897273,0.7465422986029329,0.7761239828052104,0.9513343127751335,0.6765903477411972,0.8868896086555003,0.7023921624778138,0.5418920280165779,0.7613367776985245,0.946712665615622,0.6524790563479824,0.9066537694970146,0.7233313352517751,0.5409711408738976,0.7483772441644888,0.9717399158653278,0.7026888606282322,0.8919876143166733,0.721015563445561,0.5408785085549839,57138398415,Left hand
-17.106172561645508,115.41630554199219,25.230745315551758,0.22166946530342102,0.29354196786880493,-0.9298902153968811,0.9712696075439453,0.0182151198387146,0.2372836321592331,-3.75663685798645,10.919304847717285,2.7576684951782227,0.730400845553799,0.6512344841514627,0.6283153760819638,0.579006710732955,0.5744500590475818,0.7567691214816886,0.9692103573695394,0.7159445368544455,0.8796404215613196,0.6941792912546456,0.7460637601791951,0.7763889361661196,0.9516001129369306,0.6774100078803134,0.8862867196258417,0.7019252229636448,0.5419224326175619,0.7617711822287258,0.9467998915035163,0.6530348563248122,0.906187268877474,0.7228169941462579,0.5409610382590877,0.7487153599519351,0.9717285056257295,0.7032605981095023,0.8917231374615953,0.7203887063893649,0.5408820849655901,57138407087,Left hand
-17.127553939819336,115.47857666015625,25.241619110107422,0.2213446944952011,0.29352879524230957,-0.9299716949462891,0.971425473690033,0.017407463863492012,0.23670555651187897,-2.4562604427337646,7.153753757476807,1.2492318153381348,0.7298552775739912,0.6508952558536895,0.6281460548453667,0.5789440561533385,0.5742175968219306,0.7564188878881771,0.9697715025147188,0.7170017671264964,0.8789854412006102,0.694167721129879,0.7456203717421012,0.7766760313592548,0.9518057590583685,0.6780946631153777,0.8857459953043362,0.7015124177450214,0.5419588832837007,0.7622432993256493,0.9468003873870692,0.6534227254433066,0.9057991576410881,0.7223729121340301,0.5409498883608743,0.7490599496369622,0.9716710704550228,0.7035613110698017,0.8915349367561752,0.7199650580153354,0.5408884499422906,57138415792,Left hand
-17.1428279876709,115.51687622070312,25.25238800048828,0.22102685272693634,0.293546587228775,-0.9300416707992554,0.9715506434440613,0.016906164586544037,0.2362276166677475,-1.7654072046279907,4.426660537719727,1.244675874710083,0.7293468432821577,0.6505264136541243,0.6279391334268841,0.5789218121752906,0.5740066411608113,0.7561475483584891,0.9703007691082337,0.7181240536616326,0.878306566202541,0.6940454124212384,0.7452677581804183,0.7768570628175814,0.9521271636678615,0.6789449328699321,0.8851360922665301,0.7011015954556515,0.54198340069252,0.7625845279943496,0.9469753939762239,0.6540389073358522,0.9052980699413073,0.721920285659259,0.5409402145197564,0.7492360243406875,0.9717680389746811,0.7041662760405636,0.8912160473014902,0.7195094243333395,0.5408954677193173,57138424444,Left hand
-17.165252685546875,115.60972595214844,25.27445411682129,0.2208631932735443,0.2933606803417206,-0.9301392436027527,0.9716207385063171,0.016632037237286568,0.23595871031284332,-2.5855369567871094,10.705550193786621,2.5442450046539307,0.7288339892711571,0.6501501765024754,0.6277107088591366,0.5788901999558476,0.5738196038380493,0.7557647007178873,0.9708560463106772,0.7192391629374741,0.8776739844513497,0.6939879488163294,0.7447675432185468,0.7769720631854277,0.9524099901456969,0.679721351602514,0.8846371454521965,0.700714530370273,0.542013277119088,0.7629426131106457,0.9470621385612028,0.6545208832863197,0.9048902286884674,0.7214912758627833,0.5409257951579511,0.7495156092215342,0.9717660760015024,0.7045720243864565,0.8909677300291832,0.719065728783724,0.5408992934984497,57138433117,Left hand
-17.175989151000977,115.65001678466797,25.280487060546875,0.22079628705978394,0.29349687695503235,-0.9301121234893799,0.9716597199440002,0.016348781064152718,0.23581799864768982,-1.2376124858856201,4.644679069519043,0.6953301429748535,0.7283894385714244,0.6497543656752012,0.6274434366742178,0.578907442363525,0.5736658212946827,0.7554004655759444,0.9713699663078564,0.7202945846904554,0.877088353303771,0.6939208579123619,0.7443332309897505,0.7770905998008972,0.9526483544106037,0.6803912668479185,0.8841965926429406,0.700374222510397,0.5420439949120353,0.7632967760003927,0.9471055070437583,0.6549119750823305,0.9045409780184874,0.7211052989095217,0.5409124653346808,0.7497569025159093,0.9717562057954399,0.7048339453438001,0.8907647676895206,0.7187589307991814,0.5409052379593953,57138441792,Left hand
-17.183212280273438,115.72383880615234,25.30621337890625,0.2208024263381958,0.293845534324646,-0.9300006031990051,0.971663236618042,0.016202740371227264,0.23581351339817047,-0.8126451969146729,8.306233406066895,2.8944551944732666,0.7279530869690283,0.6493767626993149,0.6271901537987291,0.5789164020098514,0.5735022559358592,0.7550258001419009,0.9718810427603409,0.721325640867514,0.8765027589366036,0.6938760295663681,0.7438018245269088,0.7772621924712446,0.9528320205870942,0.6809956559634487,0.8837853882466506,0.7000222305031465,0.5420830950828306,0.7637218726904677,0.9470900584913371,0.6552300456154831,0.9042059434862108,0.7207167173301016,0.5408982849328186,0.7500779934889658,0.9717005525417618,0.7049301547067831,0.8905647276392799,0.7185364097369007,0.5409117796478813,57138450680,Left hand
-17.192907333374023,115.7770004272461,25.32347869873047,0.220843106508255,0.29416030645370483,-0.9298914074897766,0.9716531038284302,0.016121087595820427,0.2358609437942505,-1.1365536451339722,6.231602668762207,2.0239665508270264,0.7275280892017814,0.6490066966166023,0.6269418373572253,0.5789274347393648,0.5733638688636937,0.7545697110154984,0.9724256533909297,0.7224135348741271,0.8759228633265607,0.6938499854573695,0.7431766389004657,0.7773001018319289,0.9531206226879566,0.6817567172342784,0.8833434837470816,0.6996674758138529,0.5421181319406239,0.764017898743007,0.9472002725703899,0.6557210123837778,0.9038171732330983,0.7203129446901924,0.540884474620302,0.7502919537452855,0.9717197743918146,0.7051741784563736,0.8903218850720908,0.7182943574681863,0.5409158052965409,57138459211,Left hand
-17.192583084106445,115.80469512939453,25.311838150024414,0.2209046334028244,0.29455018043518066,-0.9297533631324768,0.9716565608978271,0.01580578275024891,0.2358679622411728,0.03783480077981949,3.2173171043395996,-1.352582335472107,0.727208000123347,0.6486560951065015,0.6266830244619057,0.5789796379219785,0.5732874100738313,0.7543647032181284,0.9727253653408606,0.7231563080744372,0.8755597892750496,0.6937019967207624,0.7428419731513003,0.7774358620018118,0.9532015185716677,0.6821068527048733,0.8831083036211815,0.699426693116253,0.5421430368794575,0.764296626167188,0.9471663136145754,0.6558899914778301,0.9036279384661529,0.72007047029093,0.5408769987181907,0.7504660395908423,0.9716838900204352,0.7051650358988407,0.8902181754463135,0.7182245109091483,0.5409223384788534,57138467817,Left hand
-17.184301376342773,115.84850311279297,25.3262882232666,0.22101062536239624,0.2948962152004242,-0.9296184778213501,0.9716287851333618,0.015728116035461426,0.2359876185655594,0.9531785249710083,5.043082237243652,1.66340172290802,0.726888774981457,0.6483191475240208,0.6264451741185172,0.5790276047756486,0.5732402906091136,0.7542338751756404,0.9729409447225403,0.72383933585321,0.8752795696379715,0.6934532857302033,0.7424912338988351,0.7775163408347083,0.9532459415684729,0.6824057800696421,0.8829732816094966,0.6991841146064651,0.5421589907005646,0.7644767701702827,0.9471640049270809,0.6560832635604703,0.9034808794678434,0.7198461405083225,0.5408716397394019,0.750543170779137,0.9717228318654414,0.7052759860261348,0.8900681297147849,0.7181704288753398,0.5409278400561104,57138476504,Left hand
-17.185930252075195,115.86638641357422,25.33498191833496,0.22112733125686646,0.29518136382102966,-0.9295002222061157,0.9715819358825684,0.015850551426410675,0.23617219924926758,-0.18744438886642456,2.059519052505493,1.000815987586975,0.7266561749196292,0.6480131330578721,0.6262051962022674,0.5790971362923039,0.5731942919311849,0.7540964434067121,0.9731135239975841,0.7243486654902068,0.8750868734021711,0.6932936093021742,0.7421821931664467,0.7775927277320523,0.953264877026094,0.6826142763484502,0.8828796497950845,0.6989987309998891,0.5421776140122573,0.7646518667528771,0.9471316691422593,0.6561859027635066,0.9033732374735582,0.7196784654538801,0.5408667242210285,0.7506239777698137,0.9717224919049575,0.705246969495071,0.8899743841205999,0.7181815081350403,0.5409336469715009,57138485189,Left hand
-17.17593002319336,115.89098358154297,25.32047462463379,0.22125285863876343,0.2952876389026642,-0.9294366240501404,0.9715378880500793,0.015960564836859703,0.23634585738182068,1.1506383419036865,2.830240249633789,-1.6690863370895386,0.7264937410860992,0.6477417868729091,0.6259722691041244,0.5791760018148638,0.5731744942565585,0.7540130531891882,0.9732059080814179,0.7246957650257878,0.8749963537268627,0.693140196534034,0.7419585000252367,0.7776101232685746,0.9532710738799096,0.6827339571413426,0.8828567438085813,0.6988860972954078,0.5421870875063177,0.7647198233128585,0.9471243457814461,0.6562398754034261,0.9033219514593995,0.7196014135073318,0.5408643163747694,0.7506295605327129,0.9717374870599395,0.7052051052838271,0.8899171104414215,0.7182335818522468,0.540937945275835,57138493880,Left hand
-17.16939926147461,115.90950012207031,25.311050415039062,0.22136057913303375,0.2952176332473755,-0.9294331669807434,0.971503734588623,0.016054563224315643,0.23647984862327576,0.7575597763061523,2.1474311351776123,-1.0934637784957886,0.7264119305572858,0.6474678080733759,0.62572172659453,0.5793023137249782,0.5732222411715465,0.7540186039477335,0.97318834519712,0.7248368569586734,0.8750332724554241,0.6929757483260164,0.7419735282752331,0.7775304628547461,0.9532852077938666,0.6827796575702246,0.8829101323187414,0.698862316843799,0.5421822134088524,0.7646100903230815,0.9471925433935211,0.6562937361380432,0.9033223755737845,0.7196349321677544,0.5408665616151167,0.7504514957361601,0.9718335292457425,0.7052653351713761,0.8898801837641566,0.7183339641143612,0.5409415117619881,57138502500,Left hand
-17.17561912536621,115.91947174072266,25.32917022705078,0.22148601710796356,0.2952103614807129,-0.9294056296348572,0.9714564681053162,0.016229141503572464,0.23666204512119293,-0.7017549276351929,1.1259254217147827,2.044783115386963,0.7263648629042947,0.6472313451975215,0.6254863334582654,0.5794157591471696,0.5732635428893316,0.7539886958179822,0.9732150818329264,0.7250033326189896,0.8750164192100128,0.692870890572136,0.7419885134556052,0.7774785741195938,0.9533244330433978,0.6828593030887372,0.882902222546536,0.698841110635425,0.5421835769056714,0.7645762601495257,0.9472438652517435,0.6563394079935339,0.903280782021702,0.7196523907590869,0.5408661290654828,0.750360439872765,0.9718985082719396,0.705277650611582,0.8898222965666301,0.7184265427557235,0.5409449735648332,57138511362,Left hand
-17.169809341430664,115.91217803955078,25.318710327148438,0.2215513288974762,0.2952243685722351,-0.9293856024742126,0.971425473690033,0.01638731174170971,0.23677851259708405,0.6827892661094666,-0.8574966192245483,-1.2293788194656372,0.726418098974099,0.6470492530253869,0.6252654256369328,0.5795392151790224,0.5733325704340118,0.7540655659170523,0.9731376530489336,0.725031172762781,0.8750975062010412,0.6926991067898238,0.7421657652401384,0.7774092513640045,0.9533349027626816,0.6828379528114943,0.8829508515114891,0.6988807979277033,0.542174959659036,0.7644708743008086,0.9473116698973124,0.6563557228122148,0.9032788354860682,0.7197294110051004,0.5408688003565176,0.7501989791895176,0.971986053085932,0.7053005207327316,0.8897933200111472,0.7185585555397929,0.5409477025041449,57138519871,Left hand
-17.163944244384766,115.9123764038086,25.30373764038086,0.22157889604568481,0.2952054440975189,-0.9293850064277649,0.9714097380638123,0.016489727422595024,0.23683591187000275,0.6750737428665161,0.02248573675751686,-1.7236634492874146,0.7265159502796619,0.6469112249642903,0.6250696571704358,0.5796530154157701,0.5734193561797449,0.7541478408597952,0.9730166632345321,0.7249187524541894,0.875254700510067,0.6925811295623487,0.7423922955444983,0.7772848214859986,0.9533350982747806,0.6827651484483188,0.8830628868171357,0.6989575638660229,0.5421610681293794,0.7642808085358124,0.9473989302824659,0.6563582931645743,0.9033241074572785,0.7198508839133614,0.5408732661457524,0.7499748960726096,0.9720957826688854,0.7053517829691669,0.8897818020486159,0.7187048982895432,0.5409490002892527,57138528557,Left hand
-17.15868377685547,115.90814971923828,25.290050506591797,0.22167286276817322,0.2951415479183197,-0.9293829202651978,0.9713860750198364,0.016502251848578453,0.23693187534809113,0.6108238697052002,-0.49053725600242615,-1.5890910625457764,0.7266784515915371,0.6467990559393069,0.6248813287611096,0.5797847214867723,0.573525996077675,0.7541978941793845,0.9728912212664931,0.7246861406012219,0.8754491235272317,0.6925708106270281,0.7427027816194237,0.7771322521057447,0.9533065638449165,0.6825706663222801,0.8832408941611508,0.6991172847203275,0.5421482101407659,0.7640444722676352,0.9474363028866526,0.6562155979906625,0.9034697161413645,0.720064115374315,0.5408785438720227,0.7497096743982113,0.9721641502979884,0.70525080232813,0.8898737639740735,0.7189277934797459,0.5409508709413645,57138537170,Left hand
-17.145370483398438,115.88359832763672,25.281585693359375,0.2217835634946823,0.2950744926929474,-0.9293777942657471,0.971355676651001,0.016543665900826454,0.23705358803272247,1.4999240636825562,-2.7662343978881836,-0.953656017780304,0.7268564194702262,0.6467386509728766,0.6247387841099764,0.5798915178315536,0.5736292976373794,0.7543965467643877,0.9726778898099455,0.7243916139879054,0.875668700616766,0.6924529119253847,0.7430486021139748,0.7770323264484174,0.9532372545698606,0.6823085937352288,0.8834292300166356,0.6992847703789099,0.5421278066440635,0.763829757001771,0.9474602317167368,0.656021278665682,0.903615645448357,0.7203178238339377,0.5408851228150893,0.7494665316477148,0.9722507480835972,0.7051596469263366,0.8899205692657356,0.7191818702692306,0.5409528245869438,57138546046,Left hand
-17.15231704711914,115.87151336669922,25.276025772094727,0.22184672951698303,0.2950054705142975,-0.9293846487998962,0.9713472723960876,0.01647496037185192,0.23709282279014587,-0.8165615797042847,-1.420352578163147,-0.653734564781189,0.7270508767328893,0.6467268191734559,0.6246447658015822,0.5799792559125762,0.573743950270096,0.7546815922248675,0.9723885334042884,0.723910204874293,0.8759470098266243,0.6923725665178382,0.743460934871574,0.7770061592837103,0.9530884103171,0.6819065246527323,0.8836646283739259,0.6994773957147503,0.5421073352831562,0.7636641550482417,0.9474087242177708,0.6557071904413735,0.9038165177920751,0.7205991080975997,0.5408926148496557,0.7492728377058557,0.972286350608511,0.7049569630139086,0.8900186667091499,0.7194612496868933,0.5409550372493274,57138554553,Left hand
-17.151241302490234,115.89700317382812,25.284700393676758,0.22193188965320587,0.29470139741897583,-0.9294607639312744,0.9713476896286011,0.01630464941263199,0.23710308969020844,0.12372983992099762,2.930361032485962,0.9971141219139099,0.7272489316564473,0.6467128782882108,0.6245501265004914,0.5800719263506995,0.5738523183676477,0.7550173677807965,0.9720235748423031,0.7232317679673053,0.8763200738612418,0.6923470821416066,0.743955303333599,0.7770228270368132,0.9528542629065829,0.6813650106818485,0.8839831670092902,0.699688369941669,0.5420874728484953,0.7635285381591465,0.9472851875334702,0.6552662715237341,0.9040818952445506,0.7209184558021524,0.5409004452835741,0.7491090179974691,0.9722872257170919,0.7046888415789613,0.8901471448361092,0.7197383642937338,0.5409578026792845,57138563253,Left hand
-17.149559020996094,115.90875244140625,25.28180694580078,0.22203589975833893,0.2943822741508484,-0.9295370578765869,0.971351683139801,0.016042087227106094,0.23710453510284424,0.19496315717697144,1.3618872165679932,-0.3355986773967743,0.727468052881172,0.6467095896972938,0.6244533652247573,0.5801636556208171,0.5739783711634773,0.755234353277219,0.9717402435440867,0.7226136203551743,0.8766468056883187,0.6924188381478499,0.7444246307582083,0.77693167435811,0.9526922485156388,0.6809070297254692,0.8842937627122829,0.6999213487659003,0.5420673781465716,0.7632982693557713,0.9472245546425622,0.6549104871116843,0.9043475041530638,0.7212341257968831,0.5409078727414185,0.748902718895853,0.9722882220440039,0.7044683886679033,0.8903183172169953,0.7199688000660999,0.5409573874935885,57138571876,Left hand
-17.135988235473633,115.89550018310547,25.2893123626709,0.22209933400154114,0.2940533459186554,-0.9296259880065918,0.9713503122329712,0.015958677977323532,0.237115740776062,1.5615941286087036,-1.5246111154556274,0.8636249899864197,0.7276752912325787,0.6467329239673036,0.6243921326451187,0.580237449377226,0.574084546338854,0.755528314783283,0.971428714007206,0.7220502230320488,0.8769495859942352,0.6923876037595721,0.7449014249224477,0.7768432563963874,0.9525763630374025,0.68053806722033,0.884536241920698,0.7001316668296969,0.5420418135775431,0.7630511800615059,0.947245294767909,0.6546849140516792,0.9045237653384597,0.7215203868999271,0.5409159780993693,0.7486732773886202,0.972354662045401,0.7044101956145862,0.8903960874890622,0.7201550211020509,0.5409564251250943,57138580567,Left hand
-17.138019561767578,115.91365051269531,25.28601837158203,0.22216269373893738,0.29374802112579346,-0.929707407951355,0.9713548421859741,0.015802277252078056,0.23710761964321136,-0.23430174589157104,2.092212438583374,-0.3796272575855255,0.727878986061495,0.6467497214893575,0.6243167926104455,0.5803075988847627,0.5741862217738848,0.755793553640522,0.971150205680197,0.7214906563209955,0.8772186605930611,0.6924189504485933,0.7453977281894475,0.7767502598775102,0.9525039140454021,0.68024256522835,0.8847216551210717,0.7003315771934239,0.5420187270609006,0.7628068067062636,0.9472937084171404,0.6545143232518889,0.9046617112238187,0.7217835304711618,0.5409238158285817,0.7484367772928041,0.9724239132698815,0.704377895987952,0.8904722370131075,0.7203185614702735,0.5409558939356127,57138589242,Left hand
-17.122926712036133,115.86085510253906,25.27285385131836,0.22221417725086212,0.293594628572464,-0.9297435283660889,0.9713465571403503,0.015786467120051384,0.23714260756969452,1.7415930032730103,-6.091094493865967,-1.5189943313598633,0.7280962195766348,0.6467999335447108,0.6242873964086774,0.5803744132079253,0.5743130861217006,0.7560845863458892,0.9708385638667029,0.7209013531185388,0.8775176321765102,0.6924172883126418,0.7458804228010724,0.7766470378210474,0.9524232787811565,0.6799098387653296,0.8849266416603572,0.7005575728219631,0.541993245957348,0.7625182921633622,0.9473618655810523,0.6543409033414257,0.9048138365841198,0.7220813979233344,0.5409341162951018,0.7481323130757405,0.9725334692090639,0.7043774817432181,0.8905460765103217,0.7205355598370539,0.5409559816403134,57138597909,Left hand
-17.121274948120117,115.85203552246094,25.28392791748047,0.2222658097743988,0.2934408187866211,-0.9297797679901123,0.9713274240493774,0.01589379832148552,0.23721398413181305,0.1899711936712265,-1.0151281356811523,1.2746120691299438,0.7282564252595034,0.646869693970871,0.6243088588585574,0.5804094010566944,0.5744214034070538,0.7563337713116444,0.9705705063523241,0.7203829418558104,0.8777690913702839,0.6924267619601638,0.7462393477722548,0.7765704320698211,0.9523216239650493,0.6795519020078952,0.8851363813205435,0.7007781737790657,0.5419727297070711,0.7623227259503217,0.9473498550576146,0.6540810897530623,0.904990892381782,0.7223625602226017,0.5409403712138801,0.7479616350714882,0.9725637469379479,0.7042268932194768,0.890645171564901,0.7207597594956767,0.5409547680154224,57138606598,Left hand
-17.122276306152344,115.82867431640625,25.29408073425293,0.22237910330295563,0.29340627789497375,-0.9297635555267334,0.9712848663330078,0.016056912019848824,0.23737718164920807,-0.11446039378643036,-2.6732966899871826,1.1616485118865967,0.7283983911275396,0.6469164767576793,0.6243192941621601,0.5804556122158101,0.5745044965873338,0.7565440070993907,0.9703821344020132,0.7200157844362985,0.8779089674925162,0.6924354973095996,0.7466398126024035,0.7765112544813598,0.952287823833586,0.6792992593635091,0.8852362007910843,0.7009908967185096,0.5419576639933695,0.762195870136178,0.9473539978622495,0.6538831314833408,0.9050906811319442,0.722597171597696,0.5409437427157984,0.7478535504987341,0.9725806662444368,0.7040567448797203,0.8907130228448157,0.7209792892273688,0.5409543701691644,57138615338,Left hand
-17.09984016418457,115.8012466430664,25.306949615478516,0.22256186604499817,0.29314881563186646,-0.9298010468482971,0.9712364673614502,0.0161417406052351,0.23756924271583557,2.597271680831909,-3.1753580570220947,1.4896519184112549,0.7286062155267133,0.6469681901935195,0.6243222063001775,0.5805376568741357,0.5746192714303068,0.7568308615696642,0.9700393218075879,0.7193863785155477,0.878258603676718,0.6924230022071934,0.7471887079855842,0.7763585653467711,0.9521916594625128,0.6788045550697716,0.8855054031050714,0.7013633182297971,0.5419301418120498,0.7619045958813887,0.9473697224938332,0.6535359870451332,0.9053112603535197,0.7230204586495849,0.5409511682563966,0.7475922931231226,0.9726268924199437,0.7038166383131494,0.8908638231605503,0.7213324851660358,0.5409532333552712,57138623976,Left hand
-17.07578468322754,115.76262664794922,25.34348487854004,0.2227325588464737,0.2924925684928894,-0.9299668073654175,0.971158504486084,0.016696611419320107,0.23784960806369781,2.769704818725586,-4.4468092918396,4.206698417663574,0.7287149159106978,0.6469672758735615,0.624301359460852,0.5805998857407247,0.5747060247851383,0.7572498425747917,0.9696338967981153,0.7187748101292085,0.8785981586250284,0.6922867912939018,0.7477427392507134,0.7761502639801001,0.9521964818218803,0.6784754589634588,0.8856826641176386,0.7017149925119827,0.5418908069822042,0.7615387707443543,0.9475407679541071,0.6533877881392576,0.9053930904531818,0.7234381072512297,0.540958230463993,0.7472912113694725,0.9728055133090389,0.7038863407262799,0.8907978057309228,0.7216050626949639,0.540949088014844,57138632661,Left hand
-17.032682418823242,115.7330093383789,25.41168212890625,0.22315986454486847,0.29166099429130554,-0.9301255345344543,0.9710177183151245,0.017260843887925148,0.23838339745998383,5.006045818328857,-3.4398396015167236,7.920858860015869,0.7288624861329365,0.6469050488286804,0.6241959909289695,0.5807126035889437,0.5748231628258925,0.7573498373937962,0.9694289875015225,0.7184302921490415,0.8788752954801247,0.6922587088892563,0.7482849917707305,0.7756112841081252,0.9524616856546942,0.678434894788879,0.8857876530799801,0.7021554418165411,0.5418463639225718,0.760980588812429,0.9479035315350687,0.6534241759342911,0.9053910676459529,0.7239251837385737,0.5409583998565428,0.746923117612457,0.9729735510671526,0.7039161703742027,0.8908100996641735,0.721901033981505,0.5409382792429839,57138641271,Left hand
-16.968204498291016,115.70176696777344,25.473331451416016,0.2236832082271576,0.2904932200908661,-0.930365264415741,0.9708280563354492,0.01817658357322216,0.23908686637878418,7.412136554718018,-3.5916240215301514,7.086923122406006,0.7290088718910851,0.6468099922583159,0.6240065068246023,0.5808100860222292,0.5749011486064466,0.7576430812787032,0.9691023383214646,0.7180822823151987,0.8791910269810659,0.6920180755304401,0.7489737689082947,0.7750605998224627,0.9527454645001305,0.6784340799151541,0.8858751905411818,0.7025834806539757,0.5417899946258963,0.7603993156968785,0.948354618341984,0.6535321990661285,0.9052928269363367,0.7244613725072505,0.5409579678467132,0.7465501860626687,0.9732315807331551,0.7041176790972233,0.8906624073967004,0.7221954296967301,0.5409244538615261,57138649970,Left hand
-16.899154663085938,115.68140411376953,25.559247970581055,0.22447027266025543,0.2893712520599365,-0.9305253028869629,0.9705438613891602,0.019362272694706917,0.24014514684677124,8.016106605529785,-2.3638527393341064,9.97393798828125,0.7291774288109201,0.6466843994423886,0.6237465538429806,0.580917381093111,0.5749509744857456,0.7579168133811349,0.9687404513437403,0.7176765876337129,0.8795779114771252,0.6917707664832231,0.7496714922647597,0.7744002396717449,0.9530900057878526,0.6784581429781383,0.8859722076562232,0.7030781129445399,0.5417286499172485,0.7597209893039589,0.9489036736920218,0.6537083529119092,0.9051487996707634,0.7250688248904178,0.5409561999244334,0.7461123682047693,0.9735583148913162,0.7044006728674516,0.8904430168883766,0.722543396644586,0.5409074712110078,57138658584,Left hand
-16.809619903564453,115.70816040039062,25.66767692565918,0.2252725511789322,0.28834861516952515,-0.9306488633155823,0.9701542258262634,0.021593036130070686,0.24152550101280212,10.257125854492188,3.0658137798309326,12.421747207641602,0.7293635942735355,0.6466782138948415,0.6235564249150051,0.5809319462044841,0.574924088633369,0.7583056395919484,0.9683865793271423,0.7175369375746876,0.8798394905811043,0.6912804382949251,0.7501797167945794,0.7737451529005059,0.9536637035468907,0.6790090127970371,0.8857393391653722,0.7033708315628951,0.5416677427345199,0.7591356918916645,0.9497288889466285,0.6544713775630415,0.9045673851758531,0.7254158863876689,0.5409502451196632,0.7457185683584061,0.9741084541230556,0.7053012769183129,0.8897710865404604,0.7226870786064681,0.540888180398484,57138667313,Left hand
-16.7178897857666,115.72943878173828,25.77999496459961,0.22624307870864868,0.287380188703537,-0.9307129979133606,0.9696716666221619,0.024260029196739197,0.2432042509317398,10.59229850769043,2.456657886505127,12.969792366027832,0.7295171732577096,0.646636941291725,0.6233555867798937,0.5809597982411897,0.5749167961356326,0.7587398111706041,0.9679631761271398,0.7172799473016205,0.8801777468876963,0.6907867155142539,0.7507274284389619,0.7729360925137537,0.9543641134934774,0.6797863282143963,0.8854563668049406,0.7036250684396943,0.5416002263718984,0.7583275297019944,0.9508411850049819,0.655601667745669,0.903786545239141,0.725784408861488,0.5409486766262225,0.7450397909180914,0.9749795636598046,0.7068169016584784,0.8887282799978948,0.7228383386013032,0.5408675812555949,57138675973,Left hand
-16.62058448791504,115.78857421875,25.90155792236328,0.22689266502857208,0.28642308712005615,-0.9308499097824097,0.969211220741272,0.027465274557471275,0.24469424784183502,11.165385246276855,6.785769939422607,13.948678970336914,0.7295811406546798,0.6465481650183894,0.6231612147158224,0.5809904138733202,0.5748880427970127,0.7593785918335193,0.9673610468313955,0.7166805209318448,0.8806305139127505,0.6903202278031764,0.7514938731422457,0.772443534680296,0.9548100589050403,0.6801764205284504,0.8852534569873014,0.7039018764055989,0.5415465617326033,0.7578569047470387,0.9516933618366137,0.6563071158934304,0.903051365272643,0.7262660018702856,0.5409458647552451,0.744490896907169,0.9757612585597072,0.7079118625532815,0.8877096172897325,0.7232883841269738,0.5408582796334425,57138684688,Left hand
-16.510597229003906,115.83780670166016,25.980854034423828,0.22776199877262115,0.2857345640659332,-0.9308491945266724,0.9686753153800964,0.03066439740359783,0.2464301437139511,12.700690269470215,5.6852850914001465,9.1565523147583,0.7297472510346006,0.6465072259111951,0.6230476144783605,0.5810896450294633,0.5748940076992138,0.7602040375499509,0.9664830217904449,0.715460942046463,0.8813622032171939,0.6899870597659866,0.7524413890848034,0.7721374773633712,0.9549404809918679,0.6799698846711757,0.8853381178627757,0.7043205312295522,0.5415034378718383,0.7574710580785494,0.9523077079257248,0.6565026094565115,0.9025509298086134,0.726977729683367,0.5409481628857657,0.743922947981774,0.9764972950519947,0.7086221100448854,0.8867573751347777,0.7240691450416904,0.5408570798602613,57138693348,Left hand
-16.43262481689453,115.91242980957031,26.052221298217773,0.22810742259025574,0.284870982170105,-0.9310292601585388,0.968190610408783,0.03462492674589157,0.24780648946762085,9.012981414794922,8.625428199768066,8.249726295471191,0.7298235658728847,0.6465140640658875,0.6230471358987579,0.5811395761515714,0.5748526280011198,0.7612747951604736,0.9655196308340338,0.7142009309239477,0.8820027511412414,0.6895756299550131,0.7532217290234282,0.7720384003058204,0.955102153549286,0.680023789261523,0.8851976571420846,0.7045180969788077,0.5414714257133995,0.7572138665722228,0.9530832372492517,0.6571203581367719,0.9017149394800469,0.7274547889502159,0.5409561819647436,0.743213225534401,0.9774580766907716,0.7100656672444834,0.8854523410757685,0.7245683058120369,0.5408664322896645,57138701999,Left hand
-16.338743209838867,115.97039031982422,26.09637451171875,0.22847336530685425,0.28394049406051636,-0.9312237501144409,0.9677864909172058,0.0376882329583168,0.2489355057477951,10.85962200164795,6.704690933227539,5.107308864593506,0.7299640496309174,0.6466079437477096,0.6230702449423016,0.5811386831933859,0.5747865574494496,0.7625522405952113,0.964371737062287,0.7126178847141451,0.8827396716542922,0.6891988607378204,0.7541738847049222,0.7722450508857636,0.9550528816463699,0.6797803265150609,0.885091653433878,0.7047023500473193,0.5414528022283583,0.7572880782788374,0.9535915824159509,0.6574229125578955,0.9009517689094382,0.7278863790368852,0.5409631351121501,0.7428887094204748,0.9781932855574065,0.7111337638873163,0.884212196900149,0.725014153973786,0.5408777402272652,57138710644,Left hand
-16.259498596191406,116.03605651855469,26.126007080078125,0.22812160849571228,0.2831973135471344,-0.9315362572669983,0.967619001865387,0.040230900049209595,0.24918846786022186,9.033878326416016,7.485997676849365,3.3781259059906006,0.7300381153457054,0.6466130601653802,0.6230975129744726,0.5812110830581727,0.5747361811603209,0.7641123248588603,0.9629087577181862,0.7103878225078755,0.8837013322997145,0.6889730555989381,0.7553888023123256,0.7729340316279252,0.9545228373704558,0.6788121900272303,0.8852523938207376,0.7049112370369057,0.5414524353127074,0.7577556879371506,0.9535915050568514,0.6570186850299247,0.9005387609101613,0.7283338146769415,0.5409736072759475,0.742764150896293,0.9786621071493751,0.711526139198139,0.8833048653847504,0.7256031527726153,0.5409040368374515,57138719416,Left hand
-16.188749313354492,116.0835189819336,26.159358978271484,0.22783984243869781,0.28250983357429504,-0.9318138957023621,0.9674882292747498,0.04222889244556427,0.24936571717262268,7.873278617858887,5.281680583953857,3.711426019668579,0.730171483205005,0.6465657057898979,0.6230706159352383,0.581356234184477,0.5747315546851267,0.7655066917740396,0.9615352319814269,0.7082943433437866,0.8846258276027799,0.6888027502827608,0.7566013537446666,0.7732774255583293,0.9542255129560991,0.6781334297575924,0.8853821628414033,0.7051768731987821,0.5414480722441304,0.7577978383261608,0.9539060824430557,0.6570481981762731,0.9000580155542433,0.7287754406431655,0.5409897219492293,0.7422589204656912,0.9793209679771839,0.7124470154583921,0.8823300757029853,0.7260636462240585,0.5409290218204569,57138728402,Left hand
-16.103437423706055,116.13301086425781,26.1899356842041,0.22723013162612915,0.2826445996761322,-0.9319219589233398,0.9674679040908813,0.043783094733953476,0.24917635321617126,10.29577922821045,5.973144054412842,3.690218687057495,0.7304262772902976,0.6465668839293184,0.6230902629366354,0.5815540044207508,0.5748484686496155,0.7669129758978185,0.9601395806595133,0.7061560426904637,0.8855272207663225,0.6886773186530853,0.7580284919161155,0.7738468403814058,0.9537453078558147,0.6772685571582245,0.8855710983474671,0.7053627639914287,0.5414579338808969,0.757946784104578,0.9540673815105084,0.6569553628969185,0.8996993226814761,0.7291236388679684,0.5410158643362721,0.7416430381290032,0.979952270748615,0.7132771258789827,0.8815082490702842,0.7265894393395383,0.5409685403791794,57138736688,Left hand
-16.025739669799805,116.23102569580078,26.24771499633789,0.2265949696302414,0.28373101353645325,-0.9317464232444763,0.967511773109436,0.044572774320840836,0.24886596202850342,8.962756156921387,11.306397438049316,6.665066719055176,0.7307242866515565,0.6465177785692651,0.6230320584749638,0.5817921009395908,0.5750479626505236,0.7677177562017446,0.9592173678981162,0.7046006869585721,0.8861956067185904,0.6887416654435359,0.7592800819762064,0.7739856894306274,0.9535892600238304,0.6769092232827997,0.8856751917023137,0.7055091644213722,0.5414638838090908,0.7577365250342678,0.9544892107165814,0.6573575303213806,0.8992984034324494,0.7293250916056402,0.5410418248809016,0.7406628918787603,0.9806927229660893,0.7144650953237516,0.8807981977770601,0.727037803346943,0.5410086065887225,57138745357,Left hand
-15.944158554077148,116.35478210449219,26.318471908569336,0.22634147107601166,0.28493431210517883,-0.9314408302307129,0.9675483703613281,0.044516533613204956,0.24873358011245728,9.474069595336914,14.37193489074707,8.21695327758789,0.7310752493704602,0.6465191295647309,0.6229891025326268,0.5820103731112747,0.575270224706359,0.7684459117850784,0.9583497086421604,0.703145613536133,0.8868348395865259,0.6888111980901244,0.7604915780085794,0.7741703802706827,0.9533633733080519,0.676453738853336,0.8858354608100993,0.7056501453675933,0.5414689249037589,0.7575437303198747,0.9548038273199342,0.657611661689286,0.8990325851356655,0.7295346124919204,0.5410704444664881,0.7396982058478087,0.9813063137846081,0.7154094029159594,0.8803439405563834,0.7274903474954784,0.5410523956195694,57138753968,Left hand
-15.871405601501465,116.43050384521484,26.360933303833008,0.22624126076698303,0.28609639406204224,-0.9311088919639587,0.9675437211990356,0.044473905116319656,0.2487594485282898,8.35194206237793,8.692367553710938,4.874566555023193,0.7313025478795174,0.6464827481835511,0.6229621323953873,0.5822004661260743,0.5754568234149776,0.7693147723904308,0.9575128680446526,0.70193082986726,0.887288414758946,0.6887019244874696,0.7616529695757331,0.7743793029658388,0.9532203762448559,0.676191129847396,0.8858537503206174,0.7057114237645273,0.541473420100863,0.757309154930171,0.9552250905525828,0.6581170352621518,0.8986529839502088,0.7296280603516084,0.5411029648167285,0.7387174952412627,0.982036758489441,0.7167938248480749,0.8796194330049194,0.727787559610457,0.541097612531622,57138762679,Left hand
-15.819900512695312,116.5472412109375,26.4177188873291,0.22603286802768707,0.2875194251537323,-0.9307210445404053,0.9675110578536987,0.044841960072517395,0.2488202452659607,5.945371150970459,13.475573539733887,6.554829120635986,0.7314526845037024,0.6463768831466766,0.6228936900669094,0.5823977903341897,0.5756191163746772,0.7699570727188687,0.9570048221144346,0.701211360695039,0.8874472098212937,0.6886175349048459,0.7625910060359905,0.7743836315216237,0.9534427363970166,0.6766289140097637,0.8855363980618023,0.705586932661452,0.5414751133143458,0.756877296432561,0.9560277351251288,0.6593155356759194,0.8979069960880213,0.7295425146964554,0.5411372430115321,0.7375487127052458,0.982937752730444,0.7187375755190267,0.878643557425126,0.7279553721023864,0.5411436540553618,57138771342,Left hand
-15.765718460083008,116.64176177978516,26.457735061645508,0.22608673572540283,0.289463073015213,-0.9301053285598755,0.9674615263938904,0.044618166983127594,0.2490530163049698,5.831669330596924,10.17293643951416,4.307094573974609,0.7316082645014684,0.6462269995082519,0.6227781891300058,0.5826282393538983,0.5757263998065092,0.7706654442248279,0.9565905969768203,0.700644477492107,0.8874035320903869,0.6885274765909737,0.763647754171924,0.7745230577123189,0.9537052316790826,0.6771257969063069,0.8850411005668805,0.7054622156706911,0.5414802038340123,0.7565854448710096,0.9567680913745984,0.6605093829162825,0.8971164491656385,0.7293745998263149,0.5411702284649308,0.7364863640182409,0.9837843636451794,0.7206023334847322,0.8776273357144018,0.7281189926476109,0.5411969706465083,57138780633,Left hand
-15.715677261352539,116.73397827148438,26.491384506225586,0.22622735798358917,0.29133498668670654,-0.9294864535331726,0.9674389362335205,0.04398953914642334,0.2492525279521942,6.122013092041016,11.282129287719727,4.116602897644043,0.7317122983915417,0.646070608155695,0.6226532009306148,0.5828215421974788,0.5758356345312201,0.7714029304407121,0.9562156600579497,0.7001398336023855,0.8872750484276491,0.6884377709765601,0.7647883574319408,0.7748340413751065,0.9538512393489758,0.6774576252531013,0.8845554061596187,0.7053323512563319,0.5414867609133458,0.7565054203560557,0.9572947126976424,0.6614737747872583,0.8964451579121618,0.7291406175519657,0.5412002440446506,0.7356894207939356,0.9844441690247266,0.7220415109784701,0.8767871519447346,0.7283167280652024,0.5412501647913512,57138788807,Left hand
-15.67951488494873,116.8161392211914,26.520069122314453,0.22631999850273132,0.2924969792366028,-0.929098904132843,0.9674549698829651,0.043332964181900024,0.24930518865585327,3.914478302001953,8.89343547821045,3.1050033569335938,0.7317206786881323,0.6457763902029914,0.6224249781080298,0.5830552486877227,0.5759315388519619,0.7722519131979881,0.9557652097947134,0.6995840516400281,0.8871619539300262,0.6882949032991273,0.7660847656207863,0.7751191899732623,0.9539909079768318,0.6777348119629303,0.8841030915119912,0.7052528488714389,0.5414963434784316,0.7563085296839518,0.9578719231943396,0.6624254882103174,0.895790300272789,0.7290047316182755,0.5412369089252261,0.7347591714779228,0.9851621632542897,0.7237105025828013,0.8758769716371269,0.7284527480767122,0.5413072829475943,57138798045,Left hand
-15.64301586151123,116.90000915527344,26.541271209716797,0.22615444660186768,0.29361042380332947,-0.9287879467010498,0.9675217270851135,0.04284599795937538,0.24913044273853302,4.5652618408203125,10.490947723388672,2.6521012783050537,0.7315535157830018,0.6454711079772211,0.6222444764113563,0.5832090388072378,0.5759533023826954,0.7733509176562554,0.9552095764949008,0.6989985845153835,0.8869785004248603,0.6880270694790258,0.7672746527331367,0.7756771186099809,0.9540109644797391,0.6779639396802061,0.8835777749129995,0.7050401550095307,0.5415085586507308,0.75643293763188,0.9582487433500144,0.6631956382278027,0.8951420486469644,0.7287534784477615,0.5412677530997018,0.7342662071491038,0.985681442326788,0.7249639074195932,0.8750190199815654,0.7285347521036825,0.5413587426482829,57138806040,Left hand
-15.628417015075684,116.97023010253906,26.555076599121094,0.22588661313056946,0.2942739427089691,-0.9286431074142456,0.9675660133361816,0.04290047287940979,0.24894891679286957,1.6805492639541626,8.083470344543457,1.589051604270935,0.7312990468185627,0.6451421189397939,0.6220337887739799,0.5833067383972419,0.5759819185329537,0.7742711669214065,0.9548434111147155,0.6987110779258089,0.886684148234631,0.6877578017272061,0.7681885282983566,0.7760114980486896,0.9542332140353057,0.6785744586617923,0.8829596807940369,0.704735549489203,0.5415176012422057,0.7563405496512388,0.9588727153178185,0.6643806865615872,0.8943156717901733,0.7284439634669091,0.5412989983743287,0.7336096610550251,0.9863620110778348,0.7269031676114096,0.8738703214410483,0.728371542504785,0.5414054792312346,57138814727,Left hand
-15.611078262329102,117.0048828125,26.555116653442383,0.22575391829013824,0.29475927352905273,-0.9285215139389038,0.9676405191421509,0.042441096156835556,0.24873796105384827,1.9888068437576294,3.9744677543640137,0.004649816546589136,0.7311123768939171,0.6448528718091148,0.621796653627715,0.5833833027079756,0.5760060659718718,0.7751173669274716,0.9544855202995397,0.6983734629278592,0.8864409353265729,0.6875533354506652,0.769058409094917,0.7763527217629416,0.9543512338647423,0.6789784345576776,0.8824817768874756,0.7044876850784895,0.5415263514279489,0.7562964094957443,0.9593402584494702,0.6652928770099338,0.8936728818002624,0.7281969971078933,0.5413276369314002,0.7331098305972041,0.9869046015428835,0.7285277461220022,0.8729150187156848,0.7282115848320386,0.5414446020526827,57138823445,Left hand
-15.594063758850098,117.03469848632812,26.558149337768555,0.22585365176200867,0.29525741934776306,-0.9283389449119568,0.9676764011383057,0.04177655652165413,0.2487109750509262,1.9784753322601318,3.467139482498169,0.35271409153938293,0.730902655892495,0.644542770846748,0.6215681605595197,0.5834762939358185,0.5760510547618605,0.7759973982605534,0.9540422138203961,0.697964048257757,0.8862901069299619,0.6872966560119415,0.7699718426127025,0.7767920964686805,0.9542747983845994,0.6790655709013367,0.8821969340182729,0.7042752969744525,0.5415380631715484,0.7563484318804004,0.959599872579474,0.665827625886952,0.8932500261382093,0.7280337562221897,0.5413570224079258,0.7326758483094392,0.9873332648232247,0.7297157055164304,0.8721737314337727,0.7282068034870277,0.5414881480693643,57138832045,Left hand
-15.583439826965332,117.04109191894531,26.537059783935547,0.2258450835943222,0.29554733633995056,-0.9282487630844116,0.9677767753601074,0.04086117818951607,0.24847222864627838,1.226752519607544,0.7379688620567322,-2.435424327850342,0.730750168143252,0.6441977219628792,0.6212814908948178,0.5836131954868962,0.5761405196248879,0.7768263698179952,0.9534726134444026,0.6972387562017495,0.8863647543881025,0.6871719089237918,0.7710018013555465,0.7771960755950141,0.9539926068479968,0.6787235020260904,0.8822399831804495,0.7042002218466821,0.5415516230425036,0.7563378971081837,0.9596673732156739,0.6659375299130377,0.8931630248626892,0.7280272420977149,0.5413890073872035,0.7321648663670152,0.9876634871920488,0.7304809813079086,0.8717501265987038,0.7283691094714212,0.5415349563453966,57138840705,Left hand
